track_id,Clutter,Cormorants,Pigeons,Ducks,Geese,Gulls,Birds of Prey,Waders,Songbirds
6868504,0.012843113697292009,0.02716345292501298,0.17993174380690852,0.16603902862124453,0.5262520411289455,0.024271910091951874,0.0011680261763554651,0.02077772207128152,0.041552961481007504
6868536,0.01682263339889393,0.03400540099509705,0.3148506200755812,0.07387320825781106,0.26857758007437255,0.13535779342064316,0.002207040082964495,0.03680815876854353,0.11749756492609312
6868565,0.005972366375429897,0.02491284748523493,0.08664549948355987,0.06461203796146867,0.7542695035288495,0.024011301657838786,0.0010761546323612594,0.014782785677583862,0.02371750319767324
6868861,0.0002997066496488604,0.021169602072806788,0.0006499508840021554,0.004391360206691873,0.967864900281254,0.0019578460075481492,0.00022520893324180696,0.0022620257746718934,0.00117939919013451
6869275,0.00010122293239977765,0.007699684160423703,0.00030506200250713235,0.0030275493251452723,0.9843779203561634,0.001703682134629901,0.00014573869735311166,0.0019241913952603854,0.0007149489961171934
6871418,0.0030700956378876335,0.05194696502296693,0.39980263244675396,0.06026570765558336,0.08039139453197418,0.21790618932932496,0.002159915586488112,0.1363692780102254,0.048087821778795566
6872996,0.30490498383385756,0.008813944229847158,0.003800694292230169,0.002631481439504961,0.04587063564987503,0.5596227285645459,0.03442760788853375,0.004861178618218388,0.03506674548338701
6873817,0.005655159418188336,0.016640226413853442,0.0059312004057823975,0.004833023317039563,0.8293295548728297,0.10631384834372479,0.002317104228355454,0.009854531375186907,0.019125351625039356
6874023,0.0005923479889758855,0.016828601902107977,0.0035146625190823847,0.005324997304766903,0.009047187082702964,0.9219405638389216,0.004341771081006457,0.024363639951262964,0.014046228331172738
6875504,0.0006234765888610359,0.009848569028457939,0.016794171413459267,0.003681804442996579,0.003869819271231982,0.5235834400972104,0.008359111308317898,0.01357180866149176,0.4196677991879731
6875899,0.0017868803493763473,0.010587894400586665,0.005594898604943814,0.0018772273771766738,0.002017355484368223,0.8052684612912442,0.08503955329439158,0.005565289428400378,0.0822624397695122
6877293,0.004202269765038982,0.005756404590956417,0.00910705784034329,0.006916027537529742,0.0020993150468433222,0.015216182298523928,0.00798185191014091,0.010934647201479172,0.9377862438091443
6880408,0.0017140051931904747,0.007941412517043757,0.004991957630453304,0.0051586747607014665,0.002419450078452767,0.8647536431979693,0.016062574389372128,0.00895531425339368,0.0880029679794232
6880690,0.0010374737619709847,0.005802500424881735,0.01955394288606363,0.005905044435792642,0.0039160856737159005,0.5965606762983132,0.008501880287588475,0.01177205456172323,0.3469503416699502
6880833,0.0015420306608007947,0.001171320329396596,0.00621388093484623,0.0009648204432585682,0.0007341076254456892,0.022599077174763282,0.39613421983729785,0.003763998494942174,0.5668765444992487
6880956,0.0004723470774824788,0.010597312532920766,0.0019462021524876752,0.0024104366180848417,0.002752229663338796,0.9513206724061958,0.00560900874698076,0.0060491712770924765,0.0188426195254164
6881733,0.0008244063107276887,0.0008801797127801764,0.0009899533526592373,0.00042263188611279927,0.0005052884128826317,0.021833872638530833,0.9571282929778222,0.001051511962695783,0.016363862745788615
6885154,0.025122532151612826,0.01804177764111337,0.0074324465687011015,0.005699515219865814,0.008909030336957741,0.7053283662755861,0.06437353171958352,0.01760832866178193,0.14748447142479748
6887294,0.002896089746778366,0.002746904728337892,0.013244243808336309,0.002169866651247849,0.0025892083820744888,0.2598779379386986,0.004976551821214226,0.006810208195751384,0.7046889887275609
6887586,0.009077221761073354,0.0017671067459171367,0.013241925887118164,0.004602951782229131,0.0018448069157662825,0.05528017919542874,0.004592351816568614,0.007708347452920342,0.9018851084429782
6887600,0.003240828765469341,0.0009521086722596791,0.008883835224762883,0.0037405968648654194,0.0010771749294717864,0.012568444070739862,0.0037289698058375308,0.0059954314863817325,0.9598126101802117
6887637,0.006686291508824588,0.03069172921943661,0.020794814510938345,0.01153066679331733,0.016500096823320765,0.07973472604768758,0.009777047266516768,0.009537159405575028,0.8147474684243831
6887702,0.017247406393714085,0.0016811222980413188,0.024528092530353127,0.0016637802351869091,0.001104314512333121,0.026881155523257323,0.04027169869913831,0.00702880174514085,0.879593628062835
6888243,0.0024419427570201904,0.02358840767745701,0.008901337903893424,0.005044706028070899,0.02475547068654048,0.07644561784595043,0.0068367137070861434,0.00923218599102299,0.8427536174029585
6888737,0.0014627861644637915,0.005345947711060824,0.05061097059194913,0.009680296435778005,0.0079178175275826,0.04908550263664239,0.0049698375078124826,0.009978479197550617,0.8609483622271602
6889024,0.012090273347477707,0.0010969506292242584,0.019938323053267037,0.00139148927813182,0.0007959440462064994,0.012186620922284777,0.10239104108916389,0.007236297675305091,0.8428730599589389
6890285,0.0027379869628242812,0.01057150521616348,0.005532436028886599,0.0014494406599368872,0.0016424424477892044,0.20463390308669216,0.7162496088559779,0.004283621219331866,0.05289905552239763
6890416,0.0032878076040025344,0.008403290785197472,0.05055025218647123,0.004923465755785431,0.003220652867556453,0.18249572559618174,0.04717575111577148,0.03531395387559183,0.6646291002134418
6890579,0.0018231331219549696,0.001559360994046896,0.04334486961540922,0.0013968374854853294,0.000680628452655402,0.008122898382770576,0.041965179388457945,0.005489884389680723,0.8956172081695389
6890917,0.0022052236867960437,0.0023212438588673693,0.029176386125380628,0.0019372353677519156,0.001226399003033967,0.05841194893419053,0.5976400358056432,0.00645653915832731,0.30062498806000904
6891091,0.0031377102059584904,0.0014777728122157146,0.07834536468273907,0.017556819751615913,0.0027502366853483008,0.009235699748908588,0.0023265148582475104,0.011956663549854786,0.8732132177051116
6891208,0.0008976941261132129,0.0009302033015185519,0.02309029727371716,0.000652760949970638,0.0005504723568627866,0.017962435173412162,0.02441609570607882,0.002817399584357667,0.928682641527969
6891245,0.0020540628469584645,0.0024253516088708787,0.013402706049994268,0.0013541096696026206,0.0014916116869985773,0.08569118257516775,0.22412276498294922,0.003459153180740698,0.6659990573987175
6891309,0.0005958420377777876,0.001891917434615464,0.003937228591722259,0.000761741123089529,0.0007039563257093385,0.019564609214256404,0.024625041419768057,0.0035642594819495083,0.9443554043711118
6891366,0.0027767548980957954,0.0010089591238502383,0.002484737632497034,0.0010453120201843432,0.0007836303792932875,0.007206388101297439,0.031918103654444106,0.0018016881788814722,0.9509744260114562
6891473,0.002880512828590826,0.001908719637168932,0.03643300668258136,0.002486899485713138,0.001872880995251064,0.06314221668035087,0.0066857289542817284,0.007692835863555888,0.8768971988725062
6891484,0.0007014603631056161,0.0006241760448634596,0.0031565029071053785,0.0006941889655452558,0.00038673606353693775,0.004571011052857666,0.0063191501757179505,0.0023158969575083135,0.9812308774697593
6891531,0.003199431748494899,0.0053531669142116555,0.0424833112752957,0.002124634790078291,0.0016103648105067485,0.10309060417579803,0.28039869127571226,0.006435010423189486,0.5553047845867131
6891557,0.0014632554171358798,0.0020277392897455576,0.07380781206762327,0.0023613918104643237,0.000787933450508972,0.006907762634323097,0.004042170988427733,0.010938241847004553,0.8976636924947665
6891579,0.0015338819425813803,0.002183337961390669,0.035898479757284406,0.001597020517319318,0.001226834581646125,0.02081309256775369,0.07801530990779965,0.005215460838382589,0.8535165819258422
6891867,0.00833114036389081,0.0017354648314738656,0.02853727482922771,0.0011596951881574736,0.000838895435635549,0.022247292063319553,0.8473565437537789,0.003977744918315853,0.08581594861620034
6891888,0.0025936028324248118,0.0013631622258807187,0.01004608979914387,0.0018193536936747705,0.0009532772475201437,0.006345202661066104,0.012999655359738089,0.010163070295188288,0.9537165858853632
6892297,0.008692742412926302,0.0009809850884337616,0.004680106537587122,0.0007146507045541185,0.0007343784830103219,0.013529265920802702,0.28019677497937984,0.002592340147066966,0.6878787557262389
6892562,0.0017371418995277277,0.0017098726555929906,0.005568138387177009,0.0012980451032900066,0.0008755371906925799,0.014851968935431215,0.7092819280287606,0.004284525307193004,0.26039284249233496
6892587,0.0032001713022288894,0.002118766193852339,0.013580456899745645,0.0014232023803508382,0.0011724249088618103,0.07552417892851275,0.17043206656296384,0.019265343804135464,0.7132833890193484
6894293,0.002409162214233728,0.4128297115649549,0.01937685843791641,0.035541004559616333,0.0507829595095517,0.39432016733903685,0.002728499435901632,0.04089713527382523,0.04111450166496319
6895609,0.001320612406185762,0.006172713130625379,0.11086381184304696,0.015734424918023775,0.0022522516087293545,0.016305877726232956,0.004919363246625744,0.06006503668205492,0.7823659084384752
6895723,0.003345012987169416,0.0010244031819879086,0.00435723196898742,0.0007830045615714907,0.0008757776933749835,0.9178142249177577,0.0527633469991231,0.0030523892802705914,0.015984608409757406
6895905,0.0020148218092608827,0.0017387434804926685,0.022487533602050927,0.0009141939619839393,0.0013223632513729142,0.6895322365922858,0.13251767836851094,0.005246080888890119,0.14422634804515186
6895906,0.0028167157302837432,0.0012912242014953802,0.06076655288325994,0.0010746944198289452,0.001088931774088963,0.8441623908855121,0.044948978539611405,0.004479308335852978,0.03937120323006646
6895927,0.00434948961017967,0.00238078407077239,0.014850685610346146,0.0015690169533353624,0.002140546395211328,0.8999552163135306,0.02082813167876555,0.005693610165794626,0.04823251920206444
6895938,0.002292467705617867,0.0016115486258738443,0.02281960686313539,0.0009233218635402145,0.0016613205588016865,0.5992315556471204,0.2858441183867611,0.006239108930866022,0.07937695141828342
6895939,0.002480537992393036,0.0014067959550782558,0.00999471409814403,0.0007694063299372539,0.0011967875386588811,0.8197534931627879,0.036917587208537474,0.0066239160333499735,0.12085676168111319
6895948,0.0016030674879623878,0.0012798481067724781,0.006606792688670955,0.0007489304521066718,0.0011092588362690827,0.8390200111920321,0.03710350593684204,0.005629602370535553,0.10689898292880866
6895973,0.0025689120081904644,0.0011936333311208648,0.0701512843765841,0.0009636864723870659,0.0011099057213619385,0.7536292496732997,0.05665592790934592,0.006659953786391106,0.10706744672131879
6895974,0.001957392145302335,0.001199212161337485,0.010281844086982156,0.000784491907637161,0.000954939121395913,0.7365996930071548,0.15040254245206738,0.00472223189506874,0.09309765322305394
6896754,0.0012270047925281326,0.0015356474590940406,0.008705567801860064,0.0008567530751900984,0.0007491528650607126,0.13986742492012702,0.10471800870154747,0.003961600756200958,0.7383788396283915
6897915,0.0015808265891028982,0.020617989307940187,0.1344624922861686,0.02181049190931057,0.022951105405683327,0.24596020416178113,0.008999739191683443,0.2296943211675244,0.3139228299808056
6897964,0.0174960724687329,0.010169336110003424,0.06961723895444387,0.01757473488140923,0.038382753699937454,0.05873786398742112,0.006611476821656946,0.014735128209532107,0.7666753948668631
6899282,0.0010532506076755459,0.0014112189065635756,0.002212273076776647,0.0008671075203459777,0.0007542249033742748,0.08852548291191091,0.5062678566148837,0.00307659339460651,0.3958319920638629
6899294,0.0018598741165299297,0.001008396776801901,0.004817027448618669,0.0009291913871125968,0.000655889311968622,0.008441536667709162,0.8852115514353446,0.007528236774574791,0.0895482960813397
6899376,0.001153057344082622,0.0030385598780641684,0.023582594228522984,0.0018167661232807706,0.0009934634801264024,0.014224770468378124,0.10484638995135226,0.010080017530380108,0.8402643809958127
6899506,0.0015267401014356634,0.0010239701281984568,0.002031285931410038,0.0005529043670001807,0.0005794174679570644,0.22259398788415347,0.727847919508999,0.004132397239626545,0.03971137737121959
6899530,0.004014933676466682,0.00158541315698073,0.0050395556257387935,0.0074871170244438946,0.0013891314626088376,0.03222209961975618,0.0035988346107885816,0.011848471842675954,0.9328144429805402
6899560,0.0036039520255872416,0.0021429438054221283,0.00672346670716016,0.004188806858953224,0.0013076943751565903,0.23106410966231017,0.053185760706636956,0.021286617257945645,0.6764966486008279
6899670,0.0015773413488070764,0.0009450727266528448,0.0012032362399585926,0.0008325807091299049,0.0008249384774097564,0.029761357650361264,0.007703726160948933,0.003925059710058399,0.9532266869766732
6899695,0.0010084458594278051,0.0014420734152257035,0.002359865052021984,0.00155120839825843,0.001028983771275211,0.032188967083134706,0.008009359469336244,0.003535095343042028,0.9488760016082779
6899730,0.0014855776902432164,0.0024660734359134955,0.00342972190050578,0.0013018411280400597,0.0013822524276038218,0.08245684070913495,0.23458379552957803,0.007726687334550128,0.6651672098444303
6899754,0.0027829490974687417,0.002303314204831667,0.017056402725114786,0.019097330932073223,0.0029278363908219187,0.03482510456500357,0.004202367813135898,0.017722465874360507,0.8990822283971897
6901206,0.0013035523826586733,0.004065451273055262,0.015536940896677648,0.002275067176942878,0.0013032193552176305,0.3067809545894171,0.35576314294900807,0.012263787495918228,0.3007078838811046
6902131,0.0005053877499235552,0.0017388384305655538,0.001438040340773735,0.0008496879506816299,0.001263080977434674,0.8997291825120759,0.080081738902153,0.005556738294364383,0.00883730484202763
6902271,0.002613154270141942,0.005825406626144122,0.014395060295433098,0.0061228362092410876,0.007485024734383402,0.08216942571812112,0.002490677387517791,0.012713333965998906,0.8661850807930185
6904326,0.001369681599217426,0.0004889460139503714,0.0009170667475309095,0.00074872845598183,0.0003260897757041653,0.0037329215278751856,0.006418979133620535,0.00281548532284026,0.9831821014232793
6908023,0.0005133715267159972,0.010754173371936786,0.004686798324246182,0.033644637913720084,0.013647147634787292,0.9047418820659792,0.00308362163051641,0.02412646677292194,0.00480190075917608
6908625,0.0010823173225725246,0.001226810165992175,0.0058388653958563515,0.0007674711705663006,0.0006138412803237663,0.3704643328591303,0.37260979950196393,0.0030247236855044475,0.2443718386180902
6909657,0.0009704512431258181,0.0007148336450632626,0.0017245728560214477,0.0006346901280764461,0.0003641026470302544,0.005655022125574785,0.07924591271708709,0.0025864605623182797,0.9081039540757028
6909786,0.0023631297228408924,0.0007046298793219561,0.0018282422523957123,0.001036360558917028,0.0004824026929269004,0.008735963125557123,0.011746093649076745,0.008580406558525547,0.9645227715604381
6909952,0.0010058557472632575,0.0005449507184905079,0.0020906180382028296,0.0005891347268151099,0.0003200587418175752,0.005333657320096976,0.29873245652920777,0.0037905049974623437,0.6875927631806437
6910003,0.0011809152290966824,0.0005096875475723256,0.001420059300054539,0.0006317561796194016,0.0002816272383607006,0.0036835213946222003,0.023066623863211084,0.0018870362890823426,0.9673387729583808
6910407,0.0003725547457915439,0.0018354892686853115,0.0008155816050286528,0.0009760310835983199,0.001281634765581347,0.980028062240963,0.0033418191147552073,0.006987695724961878,0.0043611314506348765
6910422,0.006144382467852771,0.0013204526308029643,0.005392299472038762,0.0019510776966865121,0.0006238258784169262,0.019772672715320218,0.3612535109247621,0.011438279594756424,0.5921034986193633
6910425,0.0017848248509409026,0.0004575690694297709,0.0011109374819826467,0.0007357974717422435,0.000313991198410908,0.0042017155072875435,0.025684177973452047,0.002147341265005588,0.9635636451817482
6910560,0.002474801838591887,0.0022580377571471025,0.012325791497948933,0.013096692964012974,0.001067091301698005,0.015013935049731435,0.004653346303602967,0.1259804460671026,0.8231298572201641
6910590,0.0024714053083698378,0.0005812955723192574,0.0016434795730345811,0.0008374142090787141,0.00030933029044188356,0.005916646494602113,0.04233714726380585,0.0029131180309077244,0.94299016325744
6912744,0.0002480294429543347,0.0036045412163658625,0.0006797812673139061,0.0010277700838899166,0.0019659792204018258,0.9733485066112979,0.003237725642338565,0.011380756616350476,0.00450690989908702
6919118,0.0013639482024979039,0.0028354007596082913,0.00470407540315372,0.0014125046148037142,0.000823230801402636,0.5209464192865422,0.14427619448742643,0.004790451658955844,0.3188477747856093
6920152,0.0012158847923046357,0.0029052958990133616,0.013137970925601363,0.0014024780498442645,0.0008672226901495753,0.7597500434522447,0.11422686506012102,0.007121892640596696,0.09937234649012447
6925791,0.00040913162279069995,0.002024922936870214,0.0016193738475919449,0.0010710777584948437,0.0006826149959304363,0.9476235462712642,0.021877706891931848,0.006268319434836337,0.01842330624028946
6926246,0.0027468733676762197,0.0011596026569795502,0.0014064944301760438,0.000618191435959526,0.0005946412149484581,0.4785072449161795,0.5034745872431867,0.0020274581332933614,0.009464906601600605
6928841,0.0037700245864270474,0.015387856383827352,0.04219425483437202,0.19912267575440637,0.014840122297609438,0.10485551209747859,0.003494092508610122,0.5931327322555263,0.02320272928174264
6928933,0.0016482962710624867,0.00439097921133534,0.001578359759609342,0.0007033985010398993,0.001393605152393484,0.8726133618996201,0.10705488156022996,0.0027111399750181717,0.007905977669691259
6937241,0.002941685827237029,0.0008077256979062388,0.006341527587964425,0.0021294384918837616,0.0004969921751748411,0.006685947764119071,0.003934994103167119,0.019362803851376124,0.9572988845011713
6938426,0.0003393198618209733,0.0006281759578376467,0.00064450731441654,0.0003827132089961509,0.0003821998450139922,0.9750578936016141,0.018110951050500125,0.0016193114252383992,0.0028349277345621495
6938530,0.0004689228799372292,0.0008720014759473487,0.00073755603848405,0.00042621166237447473,0.0004267057540325505,0.9172562465705816,0.07431171117546946,0.0024860372032991097,0.0030146072398742306
6938682,0.00041239150640870817,0.0004207070150824341,0.0009387012070305801,0.0002675074433573374,0.0002430311394232513,0.04089771328125856,0.8835475650978044,0.0016825694104166578,0.07158981389921808
6939166,0.0002381660996507223,0.0005613318377202419,0.00041372326096927615,0.00031753328639172473,0.0003241550807714868,0.9645961830921537,0.029661141575348736,0.001484186554970448,0.0024035792120237457
6939222,0.0010256517268155462,0.000580180320574789,0.0016090872081228928,0.000384146851790004,0.0003732856750335946,0.06864658006114642,0.9141549532104077,0.0031219268411414067,0.010104188104967686
6944591,0.0040354434458668995,0.001172165488714939,0.00544073418696036,0.0005506962111182329,0.00041576232562552364,0.4811496710955228,0.49114460919837416,0.003362442892964604,0.012728475154852502
6947293,0.00038091876477264837,0.0019328542983859038,0.004187565169017048,0.0007330738904125285,0.0008907919111398859,0.9657560697644777,0.00909682152561451,0.00907421695208812,0.007947687724091603
6952804,0.0024965719638506945,0.002875400676167455,0.26326910848742036,0.0023003472069970457,0.004034983410174245,0.49565235619359765,0.03991520519969047,0.026996831918329845,0.1624591949437723
6975207,0.0004115317193066113,0.001485611607447332,0.0025607462202393368,0.0006267693249487131,0.0003645902039602102,0.981473260141537,0.003939041221914121,0.00542396159396118,0.00371448796668547
6975472,0.00024359283838979134,0.0009702807722561081,0.0010536707518251243,0.0003294602910422925,0.0003219228825552344,0.9769310734066833,0.011639039204988865,0.005025587987331301,0.0034853718649278877
6975490,0.00034937572406833586,0.001003398134088606,0.0007172526704409614,0.00032013298457275817,0.0002748493979603753,0.9824301651355001,0.0026410113152752135,0.007044714493153485,0.0052191001449403305
6976427,0.0002615066338218307,0.0011023989611323418,0.000582195158636379,0.00023732635344590592,0.0002632210936341906,0.9808373761141609,0.0030584675223355824,0.005953247571370794,0.007704260591462046
10551287,0.001903889807509743,0.005535977227255396,0.0016088351020069535,0.0023000652114471753,0.002980274142409354,0.9546818285249109,0.015734575306737816,0.0034826137863059395,0.011771940891416826
10554874,0.7701024953309272,0.009872647406832885,0.004016906494569856,0.005094402380981971,0.013018577565480546,0.12974602570053884,0.026944331265889136,0.0053561116159243916,0.035848502238855134
10555071,0.0010922334093024758,0.0027251687972618286,0.002568409707128565,0.0017163256497860087,0.0010362003222352718,0.8570727872801447,0.03424334864226102,0.005348297048641642,0.09419722914323851
10555459,0.0017875687698221023,0.022278744562867953,0.01610297729618366,0.009819649980909033,0.0035870839028458988,0.3674629309347361,0.008609865438351903,0.2706011892299049,0.29974998988437845
10555968,0.09566152063670987,0.027739481545404662,0.009788480258199029,0.21132356381396986,0.0911366075751721,0.24669447216048457,0.0034657961634612113,0.08822034202495747,0.22596973582164115
10556692,0.006513013400767558,0.010219056247674475,0.005310262058777671,0.004709554587355842,0.0022941501184810934,0.24191095417105699,0.024905398102441648,0.03323458814544729,0.6709030231679974
10557065,0.0003288199679353288,0.009238366579350048,0.0005647764842675086,0.0012659023249205733,0.002776282471382622,0.9679789930632605,0.007492181463068477,0.002837073607449161,0.00751760403836584
10557235,0.0016330402017338697,0.014159530692237108,0.008660486048701867,0.0313164622072898,0.006975740158513032,0.8316279330500128,0.007178953861292579,0.030568375630565747,0.06787947814965307
10557310,0.004099838189589717,0.08451486651691337,0.004326300177676014,0.00964754174629269,0.03982927101396686,0.572874249914661,0.002915502279428982,0.011770902458514443,0.27002152770295706
10557603,0.0009555375454418871,0.012109938547530225,0.001291632953358363,0.001973527374753373,0.0019344312246414531,0.9201560625726373,0.008751730331008322,0.005642818133954634,0.04718432131667442
10557649,0.0007478463452285178,0.00927608490982826,0.0035638940890588226,0.002608286386665698,0.010029711698665443,0.939425393892665,0.0032539679587637173,0.011631928752534621,0.019462885966589974
10559369,0.002514128412215589,0.006341215274974655,0.0013944575410438102,0.0011889923821443427,0.0032986845842470627,0.9350413784773451,0.02670982982298098,0.0026385814385916895,0.02087273206645663
10559516,0.0006154066927177707,0.0071555923896946495,0.0007887949530435247,0.0009124372481838923,0.0017408553023637015,0.9328590939943754,0.012929259957206297,0.0023202722177753264,0.040678287244639545
10559765,0.0009265477509207018,0.035579876782808856,0.001733042401609115,0.0030820195371166073,0.0031666166676831264,0.823834115543616,0.031602580869972446,0.026733058891771324,0.07334214155450179
10559904,0.0031997597263692047,0.014659921503895302,0.0022767213724486104,0.0036174056089813764,0.004355981135598414,0.8542488324460495,0.05432846609269908,0.009200646227429858,0.05411226588652848
10561136,0.002561966674849325,0.005416851716327498,0.0013701424665583334,0.0022441809335034344,0.004104409033956094,0.9404806113490922,0.010672018976153023,0.0039009472178534077,0.02924887163170668
10561583,0.0032468697798764064,0.004295339460249608,0.0026522666695185174,0.001368587147928205,0.001736541387487112,0.9122629422694266,0.01594942288281182,0.006984912332133585,0.05150311807056814
10561870,0.0007005781283031808,0.0032746031351844713,0.0006225227647589179,0.0005900854300302569,0.001688765232616218,0.9230625039570561,0.060903121421186604,0.0012515500748107086,0.007906269856053453
10562711,0.004247782919708493,0.13013296950037767,0.01614899970892812,0.05558930008552971,0.18616375357032972,0.42962256763349926,0.00344412331771986,0.02449330419599926,0.1501571990679079
10566953,0.0006714248386854392,0.012718515008472113,0.0008663242685862774,0.0011335823867809167,0.0009875939720783557,0.8516726990323521,0.11714976675645401,0.005251045603525131,0.009549048133065745
10567563,0.010768243607361764,0.01531307005309358,0.0019777536765119893,0.00240223466097635,0.006323784703357741,0.8697664305640282,0.030218536249841357,0.004810598895215285,0.05841934758961368
10568512,0.002529438604679498,0.0019051192860154813,0.0017638381685923632,0.002419531951305371,0.0010677471210519581,0.4793831763961051,0.46522339061246354,0.003680342873890235,0.04202741498589651
10569249,0.0012356642591288582,0.001984783382255152,0.0009707806992558856,0.0007816150997308845,0.0013772530689282513,0.7916998779051192,0.1508487260907494,0.002905382592072158,0.04819591690276024
10569900,0.00264791452649576,0.07000114556252002,0.004267627802663216,0.07494927646213699,0.6919847968032343,0.040429006572998076,0.017323152564684537,0.019043878784109354,0.07935320092115766
10569996,0.0017911077794573232,0.002498945509911056,0.0019314493028553988,0.003747158331757499,0.0014008540746593293,0.7794443641004192,0.1702012599642148,0.00568602012008206,0.033298840816643256
10570047,0.001088202117376508,0.0061498763089952,0.001174373324851035,0.0014888479454330688,0.0029222794547926825,0.9473182421545925,0.0241513881258385,0.0038998884770480215,0.011806902091072553
10570186,0.002714815000420881,0.00532768787830584,0.0018572456659392783,0.0037594871037530306,0.003516354563147757,0.7843732939861378,0.12250946007168903,0.006440351945405283,0.06950130378520117
10570190,0.0008378021740522856,0.004576477656029386,0.0009765443652171658,0.0020932440655404374,0.002107236775122332,0.8310059509168609,0.14251406291543284,0.003104645419907929,0.012784035711836736
10570281,0.0011652408500539891,0.003460393043768587,0.001618756043163502,0.0017411061132660865,0.00162679139609119,0.8761956043049355,0.08641511518023383,0.004297335821910862,0.023479657246576333
10570444,0.6547279599462487,0.005238005566399021,0.0033710363398167394,0.016125227938531973,0.006271028975108328,0.23694423961499822,0.02469267308229931,0.014601567846305038,0.038028260690292706
10570516,0.003388439100839929,0.0066714349513447456,0.0018000325949196353,0.0031020692402282976,0.003275890128990025,0.8698998271507814,0.06551808967357162,0.006881988521295397,0.03946222863802901
10570563,0.00857865689589032,0.0019223383739599433,0.0017122761095609046,0.0016808793148336515,0.0012695807403161764,0.4834876943339552,0.3797918775032419,0.008093119234487155,0.1134635774937548
10570908,0.013213191586764057,0.002461245382926541,0.0017538004503618193,0.005131689432962206,0.00287612393191317,0.6451404923645582,0.24466773618292303,0.007805556300127704,0.07695016436746313
10570962,0.0038672393148337586,0.0249324891802507,0.009651494855279302,0.005687824118006053,0.004752407508722895,0.1998490996301947,0.02336376732947327,0.336045297835212,0.3918503802280274
10571126,0.008246119711003332,0.0021340529520469105,0.0024603739485413853,0.001573632556980966,0.0012925412326242403,0.804506764351617,0.058574375531754666,0.009234156127147312,0.11197798358828405
10571129,0.04947262179609086,0.004425765120367001,0.003286215369111106,0.009946895847131664,0.004961870427081234,0.8689607488156477,0.006769480893638741,0.01472386742740307,0.03745253430352874
10571130,0.021207292216734938,0.011259173184818685,0.0062736254043588,0.03213109867659042,0.009090475245328133,0.30994894338496054,0.005314075199462121,0.024903549307034714,0.5798717673807117
10571150,0.004222683108216862,0.005323495289373223,0.0022568066155847937,0.0027488703353581757,0.0028156814597562843,0.8950463606715651,0.02533580424942813,0.012541533241833715,0.04970876502888373
10571157,0.03321654918320548,0.002817034831088059,0.006815379098509774,0.0029607170344161894,0.0016582664203760441,0.4217066658858825,0.4097738780690516,0.01773935188252869,0.10331215759494163
10571249,0.003374220662979945,0.002771394821751129,0.0011536979060433018,0.001262022891787956,0.0015980842056510613,0.8655548294331746,0.047566956473856385,0.0038101784695827663,0.07290861513517272
10571563,0.0020622512114901845,0.10903091675206412,0.0042575257406877514,0.005313474060280309,0.025993275070641877,0.739178247114848,0.020957374679761227,0.012944218817365034,0.08026271655286131
10571600,0.002596099587996673,0.0036498073464921554,0.0012877692244207348,0.0016778614336627816,0.00286146017662648,0.901225082026209,0.029085002745139626,0.0041741242195521095,0.05344279323990036
10573894,0.0057936455975320465,0.007834008667009638,0.0037494140563195198,0.02187210718877729,0.006585897887829313,0.8363078947144476,0.013956108788589591,0.04065654242609388,0.06324438067340116
10574347,0.0036774132039919787,0.003081439541936755,0.001718099721418547,0.0032893598017418283,0.001762652580576487,0.9281374969338712,0.025446210832690663,0.005824610132465748,0.02706271725130684
10574370,0.008970317042965508,0.002413662442707913,0.00141598763314194,0.0035329873544012154,0.0017407044132045908,0.8989161972173754,0.0236940400690263,0.0060913983219641945,0.05322470550521283
10574372,0.004010553586247348,0.003611452273715931,0.002745256674466596,0.0012297344709744503,0.0012257625273471811,0.6419623267208314,0.2941232641000855,0.00337030961723958,0.04772134002909199
10574408,0.010488095349863693,0.01123488895566114,0.0026557013967228984,0.025385453243275895,0.01329270296920441,0.8699437483464745,0.0027778286147101534,0.012517462689550715,0.051704118434536726
10574430,0.0015766660134843439,0.00301714086225168,0.0009813579071647318,0.001441032865952872,0.0016908250491793962,0.9351172678605892,0.022960581953073052,0.003612474368211755,0.029602653120092786
10574439,0.012775860772895739,0.0033988338915075557,0.0018719111178315579,0.004426510035044431,0.0024052088979626333,0.9051482615611038,0.013036889364770881,0.006866905826787066,0.050069618532096176
10574456,0.00911775480837391,0.00457826517436348,0.0013751140493105157,0.002783724115368704,0.002942278023642981,0.6914713993547984,0.014399183422153215,0.004715974133610575,0.2686163069183781
10576038,0.10507683876602325,0.010036067932704612,0.002663721186343934,0.007434985230881625,0.006745362410611564,0.7992455125975576,0.01725573563595262,0.008487172167693178,0.04305460407223143
10576770,0.0054707075759991225,0.004873607636478662,0.0020068471068117088,0.012721136757213748,0.0031622345233190555,0.8863366944552503,0.011569654983112639,0.01029115237050398,0.06356796459131071
10577118,0.0010989348864411084,0.01853269180384145,0.00171782004287495,0.00290935797100152,0.002803296749887541,0.8068041203449688,0.03678241474810424,0.009872437485142362,0.1194789259677379
10577354,0.003239750261304724,0.0020887434271434488,0.002293276203963484,0.0007401017650175588,0.0010153252549183838,0.5686355876982707,0.3868052097054683,0.0033700181923735947,0.031811987491539746
10577622,0.0006608636641006732,0.006524719355204944,0.0016279677843637232,0.0019094713021961815,0.001414977314094415,0.9130588713369443,0.031482024541235096,0.0066783806306844815,0.036642724071176226
10577723,0.0012169258979525066,0.001375896232861938,0.0006527523614328824,0.000587253579187209,0.0009578315168468384,0.9341227310358478,0.0473407084626629,0.0015956366897882813,0.012150264223419546
10578130,0.05530953989936096,0.009265535593736468,0.004770513983922391,0.01762180442507474,0.009048653145131518,0.6777067352553502,0.07240256353952793,0.012127450598496979,0.1417472035593988
10578295,0.0014287007302285991,0.0023402524755714803,0.0013510421270234098,0.0022599470947439,0.0013866577056168873,0.4497258512903084,0.4914370462342726,0.004478479860191294,0.045592022482043436
10579132,0.00046771619562692174,0.0007663651196153845,0.0005544216133323568,0.0005323620661450546,0.00043586519771057406,0.5118613026117823,0.47359509979490705,0.0012970752166104375,0.01048979218427014
10579372,0.0009276940636085158,0.001986539902684869,0.0015182399755383727,0.0009282953000491366,0.0012098936014983215,0.8231436790080158,0.14457492133446279,0.0025033783292786283,0.02320735848486375
10579452,0.0013322946750452022,0.01317417724832372,0.0037852086861334825,0.012318185733102723,0.0380832933504477,0.8680165724942598,0.018291623152575195,0.013040962412699773,0.03195768224741236
10579754,0.001071208869839594,0.004384172283490297,0.004768098078604133,0.004855483555480176,0.024596136668691305,0.8687394666702899,0.014267609378889747,0.04330889438577641,0.03400893010893849
10580098,0.0016720434539157702,0.01719969339414612,0.0035072175291856952,0.0021744583812540732,0.00333282706405889,0.7629037024819036,0.15606761095590446,0.023683014388770865,0.029459432350860543
10580150,0.0013912891898442265,0.0027136008332292482,0.0013234708537055242,0.0015365856127386643,0.003934425328867061,0.9485371814947471,0.028531127040139,0.002673237374225611,0.009359082272503542
10580642,0.003417355441773944,0.003425861066808982,0.001070789576905642,0.001992967777889653,0.0024406450577386276,0.8732522706034009,0.018587837664021566,0.004229925343969494,0.09158234746749112
10580740,0.0027339422939695,0.0022551996596405044,0.00139962723016148,0.0013566254266957531,0.001336921736974772,0.7156412387118739,0.23877595875133845,0.004197439486936135,0.03230304670240946
10580745,0.00170179575413649,0.0019899381262280524,0.0013592042953794303,0.0010142613547481955,0.0010673828774033648,0.6080396298164102,0.3343605558943379,0.009504741878470141,0.04096249000288606
10580771,0.004340560185382067,0.0032539294840438692,0.0015796674234298863,0.004317068418632812,0.002039287324068012,0.8814368511600147,0.013441840828551429,0.014729267229425415,0.07486152794645179
10580995,0.003062220048876076,0.016444693356612073,0.0022092342143412496,0.0038129219682150254,0.001975872294959209,0.6194082760131617,0.07105460238941937,0.023264421920449013,0.2587677577939661
10581310,0.0013458870053068277,0.0035973448075874476,0.0012629965999072603,0.0015433751675874479,0.0019473239514456878,0.7787147133949187,0.1752123726400989,0.002844443254507881,0.033531543178639954
10581368,0.010406377246505772,0.008856342740229358,0.005789622832350634,0.08907215574568143,0.018897657735463494,0.6990696533484761,0.003266517382764919,0.06621342634508301,0.09842824662344528
10582173,0.007440274187142039,0.003217573234610797,0.00207794992970738,0.0034710606394844578,0.005806113428048229,0.9249998780869871,0.02043997983010664,0.006327874004070319,0.026219296659843086
10582418,0.34001311106763954,0.004545180632586332,0.0034361788962527224,0.004947259770869416,0.012976460547172363,0.5758568009029761,0.018884734426829107,0.005786518850597715,0.033553754905076776
10583009,0.001032444126987987,0.002101982996453696,0.0012677343540643939,0.000745745018399051,0.0019279301369948911,0.78115680504464,0.20085031773231724,0.0016564562263324065,0.009260584363810269
10583434,0.0010255473447081944,0.026454045074034285,0.002647216307948602,0.039474997049018815,0.005423961775357965,0.8542364510554368,0.010943695522048238,0.009301157636295082,0.05049292823515207
10583521,0.000573699379735444,0.0012101796385479942,0.0008043202911888397,0.0006799343990133185,0.0008500667045404271,0.45427551890206835,0.5213443943885134,0.0018244664071432643,0.018437419889248862
10584210,0.0007391754460253084,0.00217928662125855,0.0010276947416537482,0.0005739214191591335,0.0005958740434807334,0.6922230818006297,0.2627331640295407,0.002535072812982679,0.03739272908526946
10584222,0.0016062060593581852,0.0020659057925931416,0.0011847435906270974,0.001111591792995798,0.001099033627254047,0.8707225551098857,0.10466767989013782,0.0030448609962355853,0.014497423140912622
10584314,0.009156900888129874,0.0020312343742939893,0.0031937525617779074,0.001681915858666663,0.0010101613980790923,0.10110244184894891,0.14560715980474145,0.017571453637580496,0.7186449796277816
10584430,0.0017086302617063055,0.0012633262784390693,0.0006395727909558911,0.0006688644161324493,0.0007981331845477107,0.5946670526635437,0.37168694524913004,0.0020461036440804826,0.02652137151146439
10584519,0.0014989043476796265,0.016618413983465568,0.0028567777046057375,0.0017826207648190854,0.002813712995672577,0.8841955276471838,0.06700670127801446,0.008081627281428423,0.01514571399713062
10584820,0.0017614906046680347,0.03764033975332541,0.0020697266421073,0.0027253742170061726,0.032318138349213495,0.8582361128683075,0.033881149037136765,0.010181035387739503,0.021186633140496
10585136,0.0011476990160343926,0.0778427565925011,0.003015448349647563,0.04838202965760786,0.008291748219580527,0.7932882542310095,0.01723918683117651,0.0293303478534381,0.021462529249004467
10586849,0.0016489238156763317,0.003648149514922361,0.001608690592634362,0.0026142287222723883,0.0033661414933924797,0.954463838149113,0.021795307232768308,0.003393036276852352,0.007461684202368511
10587734,0.011870638322741048,0.009863441095696422,0.0030115855582822223,0.0020038028927336334,0.0039385524551641135,0.7142799249615875,0.18408942504275877,0.006978433416132253,0.06396419625490386
10587840,0.0033507908735108337,0.0060201218585676205,0.0027831900821887793,0.0035160648719594935,0.002991561103332275,0.9053939212818568,0.06182728629295564,0.004628081809993184,0.009488981825635222
10588529,0.006136407815135362,0.00046782977519769673,0.0010375225441880025,0.0004146745669495103,0.0005091065005202941,0.012833039249919315,0.887684870825422,0.001976607825340901,0.08893994089732679
10588664,0.003007292717092212,0.0006210108503781489,0.0013539710680116424,0.0003535068296032462,0.0006585529364109358,0.05350567205099157,0.8015301581432752,0.0018148696242288986,0.13715496578000813
10588792,0.013772139258263236,0.0009764153588793996,0.0013158847510517022,0.0006826062651033606,0.0007802130879297327,0.017037384137341096,0.1513464593595055,0.0023356672785181964,0.8117532305034079
10589349,0.0012517571454628035,0.0008657802188242231,0.0016713413230245342,0.0006225696311902561,0.000556637179383939,0.14669563176015848,0.12642821432484133,0.0030608513568998403,0.7188472170602147
10589410,0.14280432260130463,0.0026295036469722003,0.008958710278473097,0.007678801232122876,0.004494862935501924,0.3875720275592272,0.10972155362706433,0.023409155369861257,0.3127310627494725
10589411,0.007157694645489928,0.001510425480355201,0.0017497715526551038,0.0010452428194681093,0.0017063566797341655,0.12775575870746328,0.04905558470294303,0.003052395417668481,0.8069667699942226
10589472,0.012172371264889997,0.0017155925607715244,0.002378113755612343,0.0012571467247534968,0.0018883128897137407,0.06424705709826424,0.17576964881029122,0.004275819445845873,0.7362959374498576
10589485,0.019015066271210117,0.001927031698640141,0.0033073217936534656,0.0023589400643481695,0.0024208895264077176,0.10122230828919776,0.01433753891564578,0.00607959562577243,0.8493313078151242
10589763,0.0009667555568110661,0.11275464448976862,0.0034485029610132655,0.027086567865436374,0.005053427927209303,0.7946868787365142,0.01847197931765559,0.0251948323348966,0.01233641081069495
10590733,0.0023481059039786633,0.007442370296102054,0.0037990395500229986,0.05934134947215559,0.014044375923068553,0.8790686043559877,0.005497115358135768,0.01937329194357613,0.009085747196972723
10592587,0.24833391135454624,0.0050520793126868505,0.002592829770474937,0.006872959632929483,0.018710708515197426,0.6336764350503321,0.0091660069685717,0.00859260806451889,0.0670024613307424
10592944,0.0016218784715085286,0.009580957255418233,0.005396983187829204,0.012474880534517384,0.030788749101134022,0.8922346874753446,0.02028293175358335,0.008757506106899064,0.01886142611376568
10595034,0.003944055373438597,0.00741468425122527,0.001699087235657852,0.0033865648389627074,0.0072944584959708575,0.9247793562065273,0.014324441936929982,0.008558154253341232,0.028599197407946093
10596119,0.0013980784562083969,0.005859957720435943,0.0009851296517253412,0.0008306769246030801,0.002797653135101102,0.9361245801902093,0.034440615556190074,0.0017567275011916839,0.015806580864334917
10599481,0.0004136228111317422,0.0013383902490039206,0.00037028941776448137,0.0004580440144591512,0.0008843808328595038,0.8458087147231095,0.14253480804673396,0.001679170423620078,0.006512579481317751
10599552,0.1115675666976205,0.0017871168264386149,0.004364653766720547,0.0028560308051049435,0.001310456060523201,0.7479643912036286,0.05740736919621796,0.0062945938677967115,0.06644782157594895
10599609,0.06789328769310723,0.0009001825332826165,0.00799239945227514,0.0013047991958046363,0.000683714576553756,0.11574165624615196,0.23951416721895963,0.005766283540787018,0.560203509543078
10599643,0.0008165135721510945,0.0014458459037530289,0.0011117273985119726,0.000719425411674638,0.0007689036162841652,0.8986414001234441,0.07430864819633107,0.0019349537881828928,0.020252581989667204
10599718,0.035393441269820455,0.0037656417707231772,0.004935055096579061,0.009007974366172048,0.002628085697788498,0.8143891850657062,0.031347105718194566,0.012797434168614077,0.08573607684640192
10599755,0.004629350556563516,0.001574878426577302,0.0023728815018003533,0.0044430923133596,0.0009520325747643472,0.825510208010022,0.040979200148626466,0.007770181826039717,0.11176817464224689
10599776,0.003749797502895229,0.0019069103811315297,0.002311015190247615,0.005887453335189636,0.0009879195613214182,0.8986731355312627,0.026133365521691116,0.006528468059080173,0.05382193491718055
10599823,0.0031605414888578815,0.002741251053859519,0.001066497722536879,0.003021997864218295,0.0017487118523731454,0.9350749945483169,0.02408886809029005,0.004836038241440935,0.024261099138106458
10599926,0.004126708791930234,0.0015551107512510546,0.0008515792266754565,0.002428233679831202,0.0008441502295957831,0.909190458939731,0.025752376860527358,0.004995195869625586,0.05025618565083235
10600363,0.0009560139696786952,0.005067310713539126,0.0017703735119958674,0.006082633769368033,0.0033073909345430275,0.9262666656261938,0.026254268197254516,0.013938670848448678,0.016356672428978404
10600655,0.2155644002019908,0.015863916006176804,0.004076465467285691,0.014058604838622807,0.0035932744339335627,0.39612929011497583,0.04072002016201334,0.1508180900952605,0.15917593867974067
10600700,0.04343793799895156,0.002823548410732113,0.005207794640103411,0.007898693539890856,0.0019749820781790896,0.3507391514624114,0.31542972080678466,0.02965293233988196,0.242835238723065
10600716,0.00914961508897334,0.002223664577319628,0.008265055442449643,0.004679346697835069,0.0011189616891971168,0.8173212673034872,0.05910156230134719,0.01762802157957864,0.08051250531981223
10600717,0.016245958904794598,0.001813998709915283,0.008784753521379047,0.00343832196339306,0.0012102507461431574,0.6071689877357466,0.0658050409320568,0.02909898258916517,0.2664337048974064
10600746,0.014697994669043526,0.00176248832799376,0.007367147879494666,0.0020782517833994765,0.0011088252086229545,0.5126257056823783,0.28687542401407967,0.030638630418950714,0.14284553201603695
10602334,0.0007864221533511078,0.0005196719579735096,0.0006835712716875631,0.0003922952511406425,0.00036648699442421015,0.3788127132733544,0.608010950920306,0.0029253085155578934,0.007502579662204635
10602555,0.0012093005957266184,0.0007981173918253942,0.001074293456813329,0.001030905460513491,0.0005875970807772499,0.9051968850651201,0.06349213214670368,0.010113988930951709,0.016496779871568227
10602707,0.0010232847716097847,0.0005728370723436003,0.0013566126229099952,0.0004994275666605409,0.00037012704972210094,0.8461844978181553,0.124078242735826,0.004183457773618566,0.021731512589154137
10602774,0.00120282141699638,0.001883350653585779,0.0012039167451011444,0.0017978806204257958,0.0014686813487565624,0.8834477959917936,0.0868495909364147,0.005155628734841024,0.01699033355208507
10602968,0.0004140184810704206,0.0008288685758259932,0.00036851545027554887,0.00036488599366281524,0.0005642633345526272,0.8745484214292581,0.10729720574245058,0.0016697809365245344,0.013944040056379189
10603667,0.002103030411451889,0.002282525526431404,0.0009972119789781536,0.0015668663350233583,0.0031594934778923487,0.9369865813659991,0.03283676296943671,0.0031355668122198177,0.016931961122567278
10603790,0.24873342255982991,0.006671017245694364,0.008371887220925215,0.03557516866524618,0.004382844454678942,0.43781114676004895,0.005768435394666593,0.18574118910534915,0.06694488859356064
10603793,0.3867896854236483,0.006828733649960448,0.009797254998426215,0.00881682709472895,0.0022749182530156565,0.43331773275751495,0.013047027466867325,0.03397343942032864,0.10515438093550945
10603811,0.28873449506988796,0.0037310672827445468,0.004783352721319298,0.009051149736459319,0.0016731043139136962,0.527073503366052,0.0072404641550986824,0.03097564293231452,0.12673722042220986
10603826,0.7681424191878989,0.0038465241881818976,0.003800766890170898,0.004158659149700787,0.002164693671626683,0.12955555665750282,0.016779468754109902,0.012988168626648016,0.05856374287416018
10603843,0.39259951678197585,0.0040065478430302325,0.00702327662787684,0.007188094808191095,0.0014548023596765909,0.48736786538889276,0.010847181356597284,0.016491399596155542,0.07302131523760365
10603847,0.0029049942691499126,0.0016228545023884954,0.0039119879672594015,0.003116781420632561,0.000862488137542374,0.8992851614978769,0.044472880493085114,0.008979159345247387,0.03484369236681785
10603856,0.43999288624872246,0.006728955098842526,0.01187629325510539,0.2346133305630457,0.0037434594078468234,0.11044769655548384,0.0036161244697657724,0.066829152652348,0.1221521017488395
10603858,0.28932375585892867,0.005958966753026454,0.008022945392202033,0.0049670400260461815,0.0018464230847584518,0.5409191221848721,0.05258796953990463,0.012908693738735877,0.08346508342152544
10604136,0.0012802161343245578,0.0024528319030043015,0.001060990802740565,0.0015867975984479618,0.0025669909994181887,0.9415696041618743,0.025338161799466175,0.004509302097679178,0.019635104503044645
10604299,0.0007555821997505282,0.0006874361222884573,0.0006196197058808667,0.0005975955926843507,0.0004160568143255823,0.9377266899771528,0.04419655238146504,0.001657470240336953,0.013342996966115432
10604888,0.005549511591493103,0.012181407465775776,0.0027729049370033066,0.006691027454769722,0.10663553012087566,0.7454185379845847,0.051900019585482265,0.011251943852942259,0.05759911700707328
10605284,0.000743364526444317,0.00029888911588250264,0.0005349204627936001,0.0002129839494417344,0.00022724001196640893,0.4536530849101679,0.5338795473256291,0.0019837404310539823,0.008466229266620384
10607892,0.0016325337001479386,0.002007320129001824,0.0052855723098865015,0.0018000793722686129,0.0006524246409612112,0.1537042323130101,0.08082873201462375,0.011193272477611293,0.7428958330424889
10608352,0.0022359682826783747,0.002185651972962573,0.0021988483515057973,0.0018827707612716297,0.0016637826981507043,0.4039454864005963,0.551435215659448,0.010543485672967484,0.023908790200419062
10610526,0.24753853639390436,0.008315646387473239,0.002482405096952079,0.01869829571409382,0.0019124790503717585,0.6515717586094861,0.01037250476742166,0.03151081418115004,0.027597559799146888
10610534,0.9363369245465325,0.002393298871289325,0.0023824901014053794,0.005259773922463854,0.0022958969009145365,0.025286385357814564,0.004075460412841749,0.005728635254435763,0.01624113463230229
10610659,0.021619216692870657,0.0030478319067983625,0.00147870675757541,0.005737229508121016,0.002481428999867974,0.9296893538145413,0.008289310990225153,0.00867117139572602,0.018985749934274036
10611077,0.0008895292932011383,0.004083332898081857,0.0007503293380449166,0.0013049682609366053,0.0031352685478563663,0.9434142005802358,0.032824126236108433,0.002992021539755724,0.010606223305779207
10611150,0.0015770178841745626,0.0019071756919986818,0.0025139381222182827,0.0013331368163149058,0.0009449034471779881,0.6093643797128502,0.3026680825124434,0.004351833110089153,0.07533953270273282
10612960,0.004436655600737302,0.006209230196139625,0.02498813185043053,0.7705201095693129,0.03919399566213282,0.07894213807471602,0.008240866798067738,0.05298007086830702,0.01448880138015608
10613432,0.0032735652370475725,0.018939243064517674,0.003339021764674416,0.4047242464710329,0.4135506710202565,0.0508296289391526,0.00529083660427352,0.09002631026016272,0.010026476638882115
10615359,0.004173311664497586,0.001131539865664422,0.001166050809127906,0.0023461814231738854,0.000550606748752344,0.8494477555472643,0.011662563663391818,0.0054171937398817885,0.12410479653824595
10616063,0.0038598530289524094,0.002975968158012222,0.0009667577924546411,0.003040593572921022,0.0033208574085281497,0.949405881486342,0.011210981151010371,0.007295678297621301,0.017923429104157892
10616067,0.0020796135218259957,0.0018775659669173336,0.0009401504714527174,0.001720626204211903,0.0015706254608952538,0.9473039839846259,0.026162066177647957,0.004272525003848818,0.014072843208574312
10616344,0.001961602184465141,0.002342829592310169,0.037220866562221254,0.11167856153305893,0.0069203020283030514,0.7171073947678139,0.02680172502156241,0.04185579017323754,0.0541109281370276
10616646,0.0022441403949865326,0.008790915787001276,0.007501363819089085,0.3338491095595976,0.00622523942747039,0.3920267032769089,0.026053141976305788,0.04328504262211477,0.1800243431365256
10617233,0.0010801392676756134,0.0004308992066087539,0.0028441394648198847,0.0003343812325876243,0.00028022782020932263,0.19533183800721915,0.7870518879796861,0.0013921644318864047,0.011254322589307092
10625331,0.0038443529637543386,0.004770969212591366,0.00289372145479886,0.013418657883829833,0.0023017449900616252,0.8531629511546511,0.023728144371602648,0.011533576878310766,0.08434588109039946
10625616,0.012220702261277954,0.0016430551239291445,0.004919670338744434,0.002792324293525736,0.0007948634316330161,0.12885376726226147,0.7347488869197131,0.009823347101703604,0.10420338326721149
10625848,0.0029640861496447223,0.016105306171718174,0.016220551819540047,0.10182648391693153,0.002437437191584377,0.1638687857121276,0.03973841583903123,0.042358148974211106,0.6144807842252112
10629182,0.0035570747318043267,0.00224041607801497,0.03234411494881909,0.1180692278968943,0.0017462447704534657,0.027006915759912136,0.007590085221848087,0.018903568294843045,0.7885423522974105
10629593,0.0029525486944102343,0.0011653787265264524,0.0018969219915269408,0.001962354714481185,0.0006449664643882565,0.8053434509160697,0.09876520209594408,0.007812337251142461,0.07945683914551072
10631640,0.0037009625885461527,0.0009925089115497966,0.006657863391954889,0.0018211011777286633,0.0005926223555299058,0.08381423097136595,0.7735256214457398,0.009014191647588524,0.11988089750999623
10631716,0.0025835521747903647,0.001604325301369328,0.004483180343729715,0.001424792850664095,0.002482452562901598,0.4465361185755355,0.5093251265811225,0.009829756272604795,0.02173069533728216
10631762,0.001676615557427185,0.0024281180380049338,0.008335174794257908,0.003701710387299375,0.012813966634858,0.799219416458468,0.12129173847374664,0.013762613903992898,0.03677064575194521
10631811,0.006458005004159524,0.0013376470238214133,0.007987266921231015,0.0017954341305261386,0.0010163853393885425,0.465997409227511,0.45688581263857364,0.011758609772826398,0.04676342994196247
10631837,0.0009044936682177571,0.002012829742120627,0.0019880031167478426,0.0022174822367928325,0.00213624689435929,0.9004555935525599,0.0680612515762544,0.003294774089462686,0.018929325123484806
10631847,0.006874839520376153,0.00222080883102785,0.01255057155602837,0.0034487130373574014,0.0018171679762344758,0.11277363448539067,0.6784643282079085,0.02660719954466803,0.15524273684100867
10631868,0.008483086293175334,0.002088480158310051,0.02385419511120861,0.004716699242611288,0.003341746560823976,0.7538940380583241,0.10006547502215331,0.04985214718169997,0.053704132371693164
10633681,0.006724250653487306,0.15856186929851665,0.0139761687070351,0.08293376633449884,0.004833613339088106,0.1457999837410199,0.0239198721852137,0.05399196107699327,0.5092585146641472
10634284,0.0005407245280056406,0.0016151473032253584,0.00137972446793993,0.0017742544386186894,0.0007501118170762065,0.9442433638670411,0.018999101931397762,0.004826857490967491,0.025870714155727805
10634751,0.002068510591634258,0.003332637833690339,0.06056392591490452,0.10811107060330306,0.0027159910722768326,0.1936077412415014,0.01999582967887263,0.04913873376684443,0.5604655592969725
10634784,0.002161711584772337,0.0025029984599975975,0.0179736584247679,0.0310102851379409,0.0020293744396653476,0.8010206893287682,0.02974752488522834,0.0400913554542739,0.07346240228458553
14964636,0.0016329987340474223,0.002773088166243865,0.027647485757688908,0.0009734373706056552,0.0008858936296838914,0.24136608892698205,0.1595393571532306,0.005268978092231007,0.5599126721692866
14965242,0.0007902861117790789,0.1881389352451298,0.0011814308292573497,0.019964345778661463,0.7379153241222913,0.0347501899349246,0.001733590575083708,0.0072163622092689395,0.008309535193603603
14965666,0.001840028290908079,0.016969685569457157,0.0023623748240399725,0.003156535851284078,0.001965530533645692,0.5516534199013077,0.008244958131265571,0.005187068462123962,0.4086203984359679
14972026,0.007647370598401275,0.002033672699030812,0.006202172044737974,0.00229079516362487,0.0013739115490300617,0.18547327233840732,0.020131297016140293,0.013236229419794172,0.7616112791708333
14972090,0.00759501188811225,0.0027642955976500995,0.006883582890492218,0.002487247356938843,0.0026300374471605642,0.0802858457248335,0.010635656951751133,0.01873940637864402,0.8679789157644174
14974044,0.0014899986184482054,0.03477954838381873,0.03975363560206161,0.018574694896085566,0.004587913399199144,0.07518659235014682,0.006111559861956003,0.010298849620405209,0.8092172072678787
14974586,0.0015865107614206442,0.0076112468319529045,0.005381140222640851,0.0038094674873522987,0.0020768667783894724,0.21939303129078752,0.008744608430221896,0.006098803901711087,0.7452983242955233
14975479,0.00047879910845336773,0.0014048766042236485,0.001033900366723817,0.0005160630863162765,0.0005677926425357103,0.45691886157265627,0.13381640867310915,0.0018816642897734207,0.4033816336562084
14976063,0.0014694013325486273,0.0012039520841328965,0.033573626409604686,0.002007135979930609,0.0005585010990164821,0.007512159553563368,0.004136987500687838,0.008941509839139212,0.9405967262013762
14976076,0.0010887266442143695,0.0009408863498435734,0.004274443944879085,0.0011541018027013627,0.00038705041850948125,0.006368952163112243,0.002220111958455335,0.004023202512668132,0.9795425242056163
14976116,0.0023585849519826944,0.002567166399073289,0.013650970093991549,0.014415780744403703,0.0013236779723014285,0.00857399602507328,0.0011707521881281053,0.016726509665643822,0.9392125619594022
14976137,0.0005962893777403114,0.0004058731152944108,0.0010016629427994357,0.0005242238147398677,0.00022216820544025668,0.00446513744781728,0.0014002659434082538,0.0014042946373032125,0.989980084515457
14976834,0.0014875369194957931,0.15552768651992618,0.006104390887413101,0.31262080439595824,0.48669811224922804,0.00858424315322316,0.0010859226996291326,0.010192612226769142,0.017698690948357167
14978764,0.0005762112139327856,0.011555140461686651,0.006963655865821,0.002504498611947461,0.001662629299825898,0.08480572209539378,0.015040431283230665,0.015909982145065834,0.860981729023096
14981625,0.0004106244046575628,0.0037624456442802655,0.0007553079957382486,0.001162408693397715,0.0017607160471425573,0.9641859756385297,0.010713709864181575,0.0016491620123569607,0.015599649699715471
14981687,0.00018945564928910097,0.0022195177222639113,0.0003484300959788139,0.00027049224709447286,0.0010246738288058842,0.9830432720708103,0.008059925956226033,0.0013171368913780129,0.003527095538153415
14981722,0.0006093294229604192,0.0043305981784733895,0.004900363840949827,0.003172791004548985,0.0020700258092163724,0.036943460899230916,0.005755642463741141,0.0033541063588596676,0.9388636820220195
14984061,0.015455362653882972,0.0030480341829440083,0.008173738275250975,0.041272487148008644,0.00199935867448802,0.03598885358360276,0.0025815024111320154,0.012613291967595027,0.8788673711030957
14984105,0.0004221874529426831,0.017410635520503388,0.000963038577270329,0.0010697304775384201,0.001487688474458804,0.9378731590156079,0.024602087982758113,0.003815288752717206,0.01235618374620304
14985917,0.0014468757952280252,0.0037931393897096526,0.007719649246435764,0.011791750842451503,0.002813619084239298,0.026789776390408672,0.007760612116711323,0.010970035620617845,0.9269145415141979
14985959,0.0005639201642832436,0.0019043921242811494,0.00804175827018548,0.0016708821967170496,0.001210315964986275,0.010355937188351472,0.0052771033651874185,0.009775892701531284,0.9611997980244766
14986272,0.0038952759022279973,0.007942631863095177,0.02736926235477845,0.01956656920793563,0.0019066926236987825,0.14311424451727472,0.0545511081263237,0.011150898481455949,0.7305033169232096
14986784,0.001506441491011805,0.0019535626989953367,0.01967049356181295,0.008925413696657268,0.0006529439234989811,0.018323709019075016,0.0028445432128541984,0.010472010013126275,0.9356508823829682
14988721,0.8320361419150455,0.006123320619166648,0.004485985498024782,0.006378237392028762,0.008324361363366324,0.030041902380544012,0.010305393487636304,0.004272029103046621,0.098032628241141
14988743,0.6356414909460164,0.007264416999105672,0.0030479802885055047,0.001540279825289055,0.00434332791040057,0.15433862505144103,0.1749545119032541,0.0024318802348288443,0.01643748684115886
14988773,0.9151929436311949,0.0033761172118625753,0.0021131788386516354,0.001267608860960446,0.005584808562215089,0.040081476644620216,0.019862622650108585,0.0021579484239406315,0.01036329517644584
14991846,0.0019106377419503859,0.060321228765548046,0.005811535640859694,0.027570694130185442,0.12449155508798028,0.746272616890515,0.004072096564987076,0.007533015835340827,0.022016619342633197
14993381,0.0013245062299338558,0.0041347224212028135,0.007095317449693413,0.004150282244231716,0.009330320809727666,0.8869349167908835,0.023691126897965032,0.01673942598231448,0.04659938117404759
14993467,0.002763148483258435,0.0029880927529938334,0.023662012503258098,0.005287595709238568,0.009874936104706912,0.5548110855197604,0.018707881726253057,0.048548431647513816,0.33335681555301677
14993499,0.0030165306945960776,0.004466820665204671,0.06781186602800363,0.006082648683451565,0.013198032991007993,0.674643094924135,0.01759670171435152,0.05642505085399451,0.1567592534452549
14993756,0.0010662320970127597,0.003205507140097025,0.0021969548423122075,0.0015014911139775418,0.004638583729959752,0.8833144504755803,0.03251623540644301,0.022526108787606875,0.04903443640701045
14993805,0.5971890323585859,0.00590563456389523,0.009947951659936574,0.008066492848405245,0.21571158117041386,0.09047613170944592,0.003601353394616369,0.041851666804608056,0.027250155490092902
14993862,0.0008299862085667674,0.002129938538052472,0.0008050365436934595,0.0006496891881492499,0.0015620699985080914,0.7100468898327789,0.15843361687626023,0.01205256878189872,0.11349020403209231
14993915,0.006564234450020226,0.013555855764816315,0.03147861730775419,0.007464454727068349,0.005887397347906138,0.8444802488111639,0.00789130833917574,0.007385006782691731,0.07529287646940334
14994055,0.0026618174859808666,0.0023438027481540464,0.01281929112794779,0.00342131713280451,0.004075621876991822,0.9117754270066586,0.007396727067128814,0.016404053376013885,0.039101942178319686
14994074,0.0046258827787842745,0.009556084774347204,0.010813025047272221,0.004037620981048352,0.004433239223256517,0.9296209306251347,0.009744823534316903,0.005854744776860454,0.021313648258979235
14994471,0.0070983664030127985,0.046625117811458866,0.0037171891536941534,0.01100271031951989,0.063781676905376,0.5962445159496317,0.006902003321052351,0.034786670677235676,0.22984174945901853
14994472,0.0009570011267363234,0.004013065575223276,0.0015752037112365233,0.003461034107340712,0.002641432167253371,0.9283275800944151,0.021966437644646782,0.009359377768068815,0.027698867805079026
14997775,0.003388708559524835,0.0005639876004296934,0.0012321417057961906,0.0003028115676257024,0.0002298521024135676,0.0037515092992316547,0.9661813486223664,0.0011874110251579013,0.02316222951745411
14999004,0.005155100039987554,0.0026254642695063006,0.008934448958461502,0.002073988431702116,0.001521046489156712,0.9208487567909862,0.039292178452161555,0.0074790876485177175,0.012069928919520417
15001560,0.0002697013873182375,0.0029612079061694637,0.0006699984836485808,0.0007577359958930198,0.0025904568234367087,0.9620370485734904,0.015346576183722017,0.0026244850211707845,0.01274278962515082
15001613,0.004571905647416403,0.06039574444109943,0.03176847462415865,0.277033096683429,0.08948860710401468,0.2148194851271555,0.01932050899510457,0.033535880079389145,0.26906629729823267
15001738,0.001385334086080672,0.03606914630653094,0.009070089277351376,0.3871081684699918,0.2821180027758176,0.20610940792307306,0.008315377488366128,0.012365346033904165,0.057459127638884305
15004811,0.03322836989487158,0.03358631369931142,0.2025072414127298,0.037434875300161596,0.029908582573490355,0.22178270848516482,0.011204071442219146,0.09456933713648967,0.33577850005556154
15008061,0.00208931190911253,0.0007428753413738358,0.0014726164596702786,0.0007673796480931247,0.0006167484466684325,0.06702091650285594,0.896330989069229,0.004494776079409277,0.026464386543587497
15008213,0.0020427061825835004,0.0006699409136754031,0.0011547474159851261,0.00030481918716548364,0.00043418341067339735,0.2018044489070147,0.7331107233762041,0.003596683929770435,0.05688174667692798
15008611,0.0008143628822229382,0.001733399884648458,0.0018119257537764252,0.0004894491832517527,0.0016121171617279849,0.33832871422500516,0.29299233307130385,0.001995318926121096,0.3602223789119423
15019961,0.021222766829335493,0.0018843149868748193,0.0034976422707428743,0.005577785674025382,0.0010889097498369942,0.6416233314712062,0.06051831828408847,0.019512431825209328,0.24507449890868052
15020343,0.0021395390019496407,0.0007991081028964597,0.0009344863233604262,0.0016795606913009595,0.0004164763621902096,0.9118278192611503,0.01649515097385552,0.003307206725883666,0.062400652557412804
15020355,0.0018506705506938625,0.0007785368913533313,0.0010990899540396209,0.002010192338180544,0.0005789349735024939,0.8989248396419223,0.032649423591047194,0.0041580204831853824,0.0579502915760754
15020443,0.0048785152657824,0.007877753733401178,0.003251806505413235,0.019083542743217285,0.0037013329356374585,0.8159753957884424,0.00870972527707162,0.03683923399871726,0.09968269375231723
15020475,0.0005044151913096796,0.000453745739851809,0.0011327349448326848,0.0005654672185179901,0.0003041838120432476,0.8906890163916408,0.08080294423932573,0.0020954135551859423,0.02345207890729209
15020478,0.0063433109811610825,0.0018703727836868577,0.012856728110104633,0.10602652374075859,0.0017042622421368555,0.21607767380452134,0.01079237694555621,0.11377632584313514,0.5305524255489394
15020616,0.023954712274515785,0.0016789858052443395,0.004962122427984944,0.0054073856163542695,0.0011166711230366593,0.5410712839005255,0.05106061094665286,0.013925750004319204,0.35682247790136623
15020628,0.004570074333753599,0.0017138730372658825,0.012184711130149056,0.00379039186846613,0.0012191862761911003,0.275801813392073,0.4261970359739098,0.020859995889734813,0.25366291809845665
15020872,0.0008493494843138163,0.0023898555706452058,0.0033454414734793766,0.003570520953963593,0.0015647053705573884,0.9201673320634673,0.023323619377299692,0.023942537951650588,0.020846637754623084
15021128,0.0037747229162827657,0.0008557785890543263,0.003439157272645674,0.001461877540496071,0.0006058204803047245,0.5030595005305034,0.1485821235141022,0.008108692864916877,0.330112326291694
15021160,0.002731579896284445,0.0007379775228122297,0.002530850360578893,0.0012816545122286914,0.00045946489451631397,0.09154500278598306,0.06774325069716285,0.0051104976390022585,0.8278597216914312
15021257,0.0007103653611566913,0.0026637147700742177,0.019495101778184448,0.008193181213241538,0.0021430534478805853,0.02636856229528281,0.010954308242374727,0.010444878135077364,0.9190268347567278
15021684,0.0016378272095373988,0.0006452032365204371,0.003361051932873151,0.0005714828748385292,0.0004808223328356437,0.17145371290356612,0.7854271869985281,0.006733899113837129,0.029688813397463442
15021692,0.0007081296959261821,0.0009832237509760165,0.0023540207586581477,0.0019267604021576735,0.0009190076978332998,0.6834961286677569,0.11699089868419456,0.005531806107667587,0.18709002423482954
15021701,0.004991863962329545,0.0011738778313065445,0.0024268746149771632,0.0030958995075352257,0.0008232952679010737,0.1883348422653362,0.01229546549195356,0.0061091610366236235,0.7807487200220371
15021774,0.005980792460973056,0.0015191092346309183,0.0061591956586977996,0.010764338281728437,0.0010708754404158305,0.808103745896666,0.0644745743254361,0.00967783510028887,0.09224953360116303
15021895,0.003084709793073389,0.00046764978042057874,0.000848734350369687,0.0004940815985016105,0.0003226414183615294,0.02544494930511185,0.9535911927907412,0.002444054949038366,0.013301986014381753
15022136,0.001534977503544641,0.03954540194745118,0.03711397202656155,0.6206552323934843,0.02218360685379353,0.05959781198154084,0.003550541044746193,0.035810201525630254,0.18000825472324752
15022196,0.0005408095766612135,0.002381822886006446,0.0009120716330939111,0.0014184215732477063,0.0018567445516754415,0.9408207731713577,0.008937402665972562,0.00685119564000499,0.03628075830197999
15022379,0.0029506460768229385,0.0011411509023017935,0.008802070617673756,0.0011366070792093264,0.0006628815199350314,0.8118138323155474,0.1558151152001682,0.00868324546542399,0.00899445082291754
15022812,0.0013777481353334415,0.0034786895560753052,0.01268782743007706,0.0033185353488461664,0.0016933038663602441,0.3860896543698244,0.08363492421673938,0.019099771915900083,0.48861954516084405
15023358,0.0004939665961752957,0.0015284457699495648,0.002818452766310112,0.0012461972572553217,0.0007682505904423787,0.09213379453975029,0.1748663176990016,0.004027933313335477,0.72211664146778
15025120,0.0008502447874154908,0.0010324674396952956,0.003987397526447498,0.0011447591888829294,0.000580624357783342,0.1731980222847313,0.5677730970155663,0.0038697760162418843,0.2475636113832358
15026359,0.008601098711258677,0.1568855051783065,0.018732615257596945,0.015233345841666173,0.0038737921113401012,0.09771698159426577,0.14555446024234636,0.04734278654360857,0.5060594145196109
15026505,0.000937743313836713,0.0022039985341328694,0.001263577735747275,0.0013129947159253017,0.0014867963861507178,0.8445789058555124,0.023037930142989733,0.0028262052902798852,0.12235184802542506
15027149,0.0010522786706207699,0.0007602657652085228,0.0011678167072611495,0.0005592948303188867,0.00043732900942309314,0.3340842953120869,0.6252644056432249,0.00993404707244687,0.026740266989408876
15027656,0.002861412276471379,0.000628850310568814,0.0019774337247681667,0.0005921859976989341,0.0004398374537191292,0.11583967298684378,0.8212936379497978,0.009998442352010145,0.04636852694812176
15029423,0.001539616194538218,0.007771611583413511,0.0680745697763474,0.010842904480121165,0.0016017327989099907,0.05832978330627555,0.008919823943753695,0.030842529025546794,0.8120774288910936
15030927,0.002098491175022625,0.0053437362857759185,0.006188138018545335,0.003707476166833691,0.0038495670884032356,0.6191630887002009,0.018773368022633033,0.3323471504773154,0.008528984065269996
15030980,0.0005789108064913097,0.001016909793291809,0.0008365679062437505,0.0008782379970639047,0.002198435040036164,0.97847461111566,0.005736919012897428,0.00646484837238977,0.0038145599559256784
15031320,0.000252819205793437,0.0017125107928067673,0.0007172339064217384,0.0007174664198391696,0.0035709000223674687,0.9736419014139469,0.006246672003071434,0.008072166406849424,0.00506832982890379
15031685,0.0026426653215551534,0.022173931208334642,0.010470409452198117,0.037944542618528636,0.0034235566658069854,0.5780134409966855,0.01347945498433435,0.12739449998724164,0.20445749876531497
15032898,0.7081544204164927,0.016774880659672562,0.015232400958655735,0.005187717815852085,0.18735007360137576,0.028126941484794988,0.0017805692929339608,0.02999985009478444,0.007393145675437883
15032900,0.09307729590778119,0.004087776649748372,0.010907133933546479,0.0019991439497220125,0.0013401945493357486,0.8404062314343013,0.014952088775596539,0.007509408039341484,0.025720726760626738
15032928,0.5784618621461343,0.0023435195659497064,0.029458456143733772,0.006294787113550443,0.003829598170493005,0.30129747850945937,0.004049345502175152,0.028915895588555396,0.04534905725994893
15033174,0.0036143984332844444,0.1186860311770284,0.03673577693236261,0.2617260001305828,0.02402208457612939,0.2865630466958395,0.021384959111400197,0.18529576811819182,0.061971934825180874
15033276,0.00410303160875915,0.002777160640858291,0.19877070500052063,0.022210972779512304,0.003912051079659225,0.12392167776870357,0.010162668202869133,0.48910216021836106,0.14503957270075657
15033325,0.006209648999038814,0.0016286671079205131,0.003349932603272168,0.0027688390523386243,0.0012860877533833462,0.3789767584435046,0.010289045447673688,0.10784286230656025,0.487648158286308
15034238,0.0022701920406744533,0.0005039348677818165,0.0012484176915692577,0.0005583330727087261,0.00032560036984562765,0.13558604365945823,0.1570213915192266,0.00343910830701067,0.6990469784717246
15034502,0.0034397014396553524,0.022763532784248076,0.016454687500880378,0.01476910057175394,0.006470949270685251,0.6397936580623634,0.00659097799015997,0.27861934014635364,0.011098052233899928
15034629,0.0005184070066085486,0.0015771075947873475,0.0012110365923415393,0.0016849962457048005,0.003462505184856023,0.9694697949143699,0.00293641978410404,0.016299866983028294,0.002839865694199375
15035001,0.000856824260498473,0.0007244127699021868,0.0008015651585017172,0.0004273266481647808,0.00048159158917768105,0.8446773081700687,0.08645558424958333,0.0018373497767119615,0.06373803737739113
15035009,0.0004650696949396691,0.00043980258445194803,0.0006271095370544837,0.00024023791176012085,0.000252448919089924,0.889073343660379,0.0929315862735632,0.0010899776488596242,0.014880423769901903
15035907,0.009544598864467955,0.0005427448029242407,0.001708256023683829,0.0005987829264764135,0.0003632388376317079,0.16075965105418263,0.14637476343369207,0.002618160018003285,0.6774898040389378
15035992,0.0015371028947998781,0.0011840888137502783,0.0009213999857089888,0.001609358794744969,0.0010594953960466078,0.9095911643560504,0.025165094612660803,0.0027872399140724457,0.056145055232165765
15036249,0.002234382610917516,0.001109558830128527,0.001859600184866941,0.002128877718682256,0.0007291183554874948,0.46605891657228404,0.06196671879983658,0.005973662480219627,0.45793916444757704
15036548,0.001030684354976912,0.002436881223904875,0.0046359956808552025,0.001232068320850448,0.001331448168659779,0.9383688645479398,0.009297309802122755,0.024848265203365923,0.01681848269732425
15039526,0.11097014506842696,0.018340785905095983,0.017941447391723382,0.04740606824516964,0.01028811781783313,0.6880185538743304,0.005650617737420893,0.06084193859685284,0.04054232536314669
15039570,0.020947169209296016,0.03082744626910946,0.02035989855683581,0.03540761503313861,0.012224990672897696,0.7945410433021025,0.0034062847831743755,0.06598347256074169,0.01630207961270375
15039573,0.015544724997274094,0.02003607822994621,0.025265900331186333,0.036075868159639035,0.01836815341321541,0.7488211795175549,0.00322366538326357,0.07924382537811225,0.05342060458980817
15039604,0.003390627575257315,0.005391669107311136,0.01246128934538235,0.023143313291405863,0.013249147824700597,0.8883748168437988,0.007792153333663845,0.037094339512048956,0.009102643166431093
15039605,0.019864486280198598,0.0023440008231256815,0.003890799413118057,0.006235042391361872,0.002497032473814905,0.9197120446366247,0.003131061725256149,0.021920636384781686,0.020404895871718474
15039606,0.0012224011245562296,0.0015675745253218131,0.004440777486582998,0.002055664413749276,0.0016134193511548847,0.9165924921346664,0.01216273738328853,0.043624789583624514,0.01672014399705525
15039607,0.0009087539955488701,0.0018059594913471283,0.0027297066588602616,0.005396262538824692,0.0033956248689295723,0.9401528400250388,0.006696506319491592,0.03309017399523508,0.005824172106724029
15039619,0.023488243115654128,0.03851521358624813,0.006265948776778151,0.03312937601205536,0.049593770941905965,0.6918259989922061,0.00439419498305866,0.07567633253742441,0.07711092105466907
15039670,0.0031201926286617706,0.0028900650704838157,0.0039183236913248225,0.01012321566535235,0.007733908887173178,0.8902664243022115,0.006605358045957428,0.06402817533322622,0.01131433637560895
15039706,0.0020369745219665203,0.0013387156682900063,0.0018210101572371086,0.0017014138764884534,0.001169485056846786,0.9589163131216282,0.010962383729872344,0.01664807848891165,0.005405625378759039
15039727,0.002096465441236889,0.0008751094596855509,0.004315747924956095,0.0027999693798388945,0.001054381162151638,0.9347042782950735,0.005567645020900516,0.034751689157876416,0.01383471415828041
15039753,0.005927019123146062,0.0028922434970729584,0.0028068298352193813,0.010882317149871071,0.003029186026954198,0.9261352876203316,0.0025750386270338987,0.035348372473013416,0.01040370564735743
15039779,0.0029032239878937958,0.0015928299346597355,0.0009034896324585548,0.0012600379630916714,0.0010196537818497385,0.9512556937986177,0.006298121217762598,0.02962265499305648,0.00514429469060963
15039847,0.0007714111187707553,0.0013332543993935428,0.002420458541898162,0.001990427344834563,0.0046860302495911514,0.9470245530424358,0.003478472287579767,0.03066230997920821,0.007633083036288049
15039953,0.001985574754957803,0.0037797602499986946,0.0008727769110475397,0.0017512020512595247,0.0028874623499932778,0.9589999284115801,0.004670198848235991,0.01104668157413632,0.014006414848790756
15040005,0.00029301285753842194,0.0008012245687195528,0.0008065761899617996,0.0007402941834866115,0.0011577797381968973,0.9799259058929365,0.0011733276144166391,0.012232765449034705,0.0028691135057088892
15040385,0.0010715803982809214,0.003369649525089554,0.0018796189452498868,0.0029117386611261027,0.009133714132904825,0.9189908423275182,0.0024940141469920233,0.04878170615515429,0.01136713570768432
15040821,0.000318023778690579,0.0017793009283616785,0.0013773515168644152,0.0005648325266031401,0.0010796025267623811,0.97824948119901,0.002063800407543946,0.009871100754076975,0.0046965063620867786
15040857,0.0005948261375788456,0.0015775092916595068,0.0019110739652075303,0.0007566282665690447,0.0016429783226703278,0.9659471687539457,0.002904461304562538,0.014944379552911623,0.00972097440489482
15041986,0.0030387661083972604,0.001400383811706514,0.0009667436801140639,0.0008377632905150136,0.0006854440623716411,0.9671912949737743,0.008600680841603101,0.005853444001601779,0.01142547922991631
15042110,0.008632650010233382,0.002707114011097996,0.0032733398727058005,0.0023083298861831815,0.0016749035459448132,0.6814658666830828,0.0069246398416879604,0.026214717596898942,0.2667984385521651
15042130,0.0037065238621534144,0.0021518603291751483,0.001992850577854403,0.0016536202050359654,0.0018621427917823307,0.6618330829484673,0.011434379563752898,0.02415587974962728,0.2912096599721513
15042158,0.03909277219333082,0.002434883349000356,0.007737291731517088,0.004778542053384426,0.0017293214641395022,0.6494964257626905,0.015355637818482728,0.15079559285367894,0.12857953277377573
15042268,0.0012677470060309148,0.0027271493828324284,0.001406361818931488,0.004416122948559702,0.0014508838167685068,0.9609457280448556,0.004911010029995712,0.01469006380612638,0.00818493314589925
15043753,0.00014743807189175484,0.0005181417262179924,0.0004399574127858492,0.0007595331976418537,0.0003433590571520356,0.9883922523406545,0.0034723996849292346,0.0028180988363625545,0.0031088196723641965
15043834,0.002037373544998118,0.005178947503003942,0.041422318939611714,0.0050420083364978675,0.0030203946739393458,0.6802588653466208,0.017810608442599733,0.23380662981166692,0.01142285340106148
15043839,0.0002030244273029889,0.0005852553517334331,0.00044638731341401915,0.0005517981498357279,0.0005213253177669616,0.9706023007890527,0.01952042153381283,0.0021605725106514824,0.005408914606429845
15044458,0.011817797642581155,0.003116975305458419,0.005651481721570877,0.0026835323141620577,0.0019343565594429199,0.5290600527368731,0.13491758732485956,0.16062885963150184,0.15018935676355022
15044472,0.006182183143260678,0.002774461275067617,0.0023147990701427525,0.0019837498438573724,0.0015092850289930475,0.7311309242785906,0.14075963071854466,0.07541630256703724,0.03792866407450594
15044738,0.006684361421798604,0.011904401646012119,0.022093171076098102,0.03322830643922634,0.00680281919238881,0.8566964734860959,0.003682258756789403,0.04537571044537241,0.013532497536218359
15045093,0.0005406965636233954,0.006892690558816926,0.002019957612887169,0.00221248025741491,0.005856629694649793,0.9352952674510839,0.007283193189366556,0.0354198479380014,0.004479236734156001
15045554,0.0002462205581457578,0.00048358697531670326,0.00039266872203945496,0.00033296573463466317,0.0005344872424775711,0.9872519215365941,0.002328086210007123,0.007054987398582137,0.0013750756222023683
15045558,0.0014902528278681257,0.0013485531085273735,0.0029302179774295983,0.0040418845098094845,0.0022325645356000303,0.8501443404384831,0.0026373067602246366,0.1298956644856838,0.005279215356373766
15045579,0.0004530490224527364,0.0010342340819463603,0.0016930017209783694,0.0016213869348273484,0.0012004808460621746,0.9584509868254181,0.003091328815417555,0.028753894064863592,0.003701637688033712
15045654,0.00029968618583131243,0.0005320348101412861,0.00021879852962924094,0.0002835264088802722,0.00035084475940460843,0.9900583074459598,0.001736860087682681,0.005303761200433244,0.0012161805720376157
15045792,0.000539313245078014,0.0010010001818492593,0.0023439361372022158,0.002457738170439872,0.0015073868862890642,0.9681687741745483,0.002650706563034158,0.01730033262699594,0.0040308120145631805
15045893,0.0007866795627499389,0.0020435745101611675,0.0037039136730405153,0.002832139597448437,0.0015715571900412238,0.9121280688366233,0.015576575367810465,0.04815910600599263,0.013198385256132185
15046221,0.0001752921050789911,0.005203623027468352,0.0007936974740342118,0.0011491367918886734,0.003309710882313418,0.9684616209570123,0.00239417773496607,0.01634204028130716,0.0021707007459308898
15046234,0.008596216112152126,0.0046169749425055235,0.0038410951443876296,0.002280502333421668,0.002264576070643764,0.9277730442537093,0.0265943882330684,0.013508576496490734,0.01052462641362085
15046237,0.12559918597268896,0.02667476599258966,0.054763414199905894,0.23030199652282057,0.048331383706899184,0.37250803931953885,0.0037608504673242458,0.11486290261618003,0.023197461202052502
15046520,0.0004979460525064559,0.0013362464235630112,0.0014047983247493455,0.0006564147634727647,0.0006831156217366079,0.9563713463219911,0.02605163850788314,0.00935338573927614,0.003645108244821583
15049213,0.00022288173478594782,0.005474284261573362,0.0011104049463091792,0.0024255700403045108,0.002358206795931334,0.9670108217892724,0.005650439284667026,0.011078528115541265,0.0046688630316150375
15049624,0.002035298993939206,0.0018489901729076474,0.024499869210615765,0.005959496058350612,0.0050667084248455846,0.9116856390801473,0.011312774926130795,0.029314877349268752,0.008276345783794227
15049791,0.0025575352582029426,0.004380124028023479,0.008509060479403214,0.004091572184637533,0.001627239871013211,0.9237874551337267,0.01655044860978905,0.027751090095372716,0.010745474339831182
15049898,0.0008400151214260754,0.002523901234925364,0.008038831581265083,0.005264347390673804,0.001544727136251841,0.9492223448925264,0.009595270143272371,0.009303301069737696,0.013667261429921475
15050105,0.006824734993990491,0.0037918995828567312,0.0028209548827860015,0.0027351039266113124,0.001978889145478982,0.9500283183293032,0.015294190415924674,0.007684722072437714,0.00884118665061079
15050202,0.001631494654614351,0.00849743926214457,0.0030418869592112917,0.004618661890779494,0.003866001637326609,0.9353405429940386,0.003159506488581049,0.032254830761469136,0.007589635351835043
15050310,0.003183837162693721,0.008836082766868245,0.002677733303044443,0.007657113622776244,0.008821380850143837,0.9240705784760839,0.003054844506676547,0.03438442745498899,0.007314001856724072
15050463,0.0001004797585448081,0.00040038649553194206,0.0002520167087963726,0.00013654821130389475,0.00021731013433205136,0.9916482543204317,0.003941624654108061,0.0018696094526269489,0.001433770264324299
15050557,0.0006943555279511365,0.0005923809894746689,0.0026008279743295107,0.0007220035178354028,0.00028988909711713355,0.04474323441730281,0.08227234945558683,0.002506204234416261,0.8655787547859861
15051367,0.006536732141272868,0.002308957717766017,0.0037254981908233092,0.011795586556928086,0.0018523904873190818,0.834976329977043,0.004270118410199936,0.12266887832516866,0.011865508193478994
15051372,0.002291860529479981,0.0018725575650312277,0.001450079238818978,0.0013541554472498044,0.0007274671146167639,0.9399181738217318,0.004544048319264494,0.04034036648778399,0.0075012914760229825
15051440,0.00039010697230377323,0.001730711466976725,0.0021734323465065473,0.0021036003291472465,0.0005390500430198106,0.9607286917057959,0.003601659401498777,0.02120616112743415,0.007526586607317066
15051458,0.0063046532715171485,0.0030874030367152587,0.0026851727200112824,0.015375970699824383,0.00255197679325307,0.8156001082541454,0.0042997644847600994,0.1418425256703109,0.008252425069462369
15051493,0.001340129939658437,0.003976604638923938,0.0007989358207961705,0.00105127222085083,0.0027323977155832573,0.971464950060815,0.008029685186934527,0.008260920860416889,0.0023451035560209457
15051514,0.0005491445216088177,0.0008214697706629687,0.0010601043679419027,0.0015573516690164536,0.0009556922948627486,0.9686361052636816,0.0010312441911266156,0.022744256052362802,0.002644631868735974
15051526,0.000948866007242255,0.0014967313347918612,0.0016534384187413312,0.003837939249954112,0.0019383123261243105,0.9601840367563613,0.001455276404705233,0.024931920274246674,0.0035534792278327063
15051944,0.0004250696010968172,0.0006694155425837217,0.0008194081018496682,0.0007754285064716659,0.00033605129460920625,0.9827867266505184,0.003415878016731076,0.006649429295822648,0.004122592990316754
15052019,0.0004116189521204982,0.0012178997647653207,0.002611039895597613,0.0005790738812782251,0.0007284407397286574,0.9712722934856117,0.007216476586747485,0.010767256888836388,0.005195899805313967
15052565,0.0005342121698251974,0.008134112391380581,0.001063965423112063,0.0014651420795479262,0.001994395059788551,0.9342668115916921,0.0024397093053520544,0.04392104492245862,0.00618060705684282
15052976,0.0002664325708618461,0.004650982918403132,0.0009521129141509227,0.000913436227450495,0.0024547236847718306,0.9682230823185001,0.00311395595983513,0.016711744909239247,0.0027135284967871828
15053085,0.000598217948817941,0.0017052947776095705,0.0015431579189971291,0.0011562879721901346,0.0005555598637882015,0.9696134977098524,0.002878187927416654,0.010073856575964513,0.011875939305363407
15053109,0.0004906617265545983,0.0008191791768221083,0.0007527532979810143,0.0008685470306607975,0.000362735830043516,0.9734330325887003,0.002440954301848854,0.007967702609821187,0.012864433437567716
15053168,0.0005007127690953111,0.0013890090352539689,0.0010564782895664902,0.002019151685565265,0.0005333544699743504,0.9769401001905214,0.0012499850989518978,0.011515761333622488,0.004795447127449027
15055032,0.0005009332032646471,0.004171134912917897,0.0035396648484376644,0.9342683077895034,0.002418404420994484,0.025597105353569526,0.001688057793009045,0.024415043283771407,0.0034013483945319347
15055131,0.0004768320875756958,0.0007634168528751501,0.0014192099970984765,0.0008174199571161465,0.0005205801984732706,0.9706774909438092,0.00479309706997423,0.014125082723179853,0.006406870169897957
15056263,0.0002620650911302431,0.0012631327295794352,0.0010934786080217,0.0010127031566086085,0.0011574717818673167,0.9856854052658618,0.0025871817256714756,0.004473889216169379,0.002464672425089983
15056325,0.0002614761299632525,0.0006875995146105203,0.0023095757534705714,0.0003712548263232646,0.0006953949980484513,0.9766803548174025,0.00617817431550071,0.0038112049399666426,0.009004964704714272
15056446,0.0010327976309863183,0.0015095345886877894,0.00504978170900809,0.010563797192065362,0.0038610477850695565,0.9380388495627351,0.004698352873033204,0.029273406971453173,0.005972431686961289
15057064,0.005001320410357855,0.022830413843919255,0.0382524980785778,0.016598114875476293,0.005484244187095666,0.5415593213400505,0.008341103019133463,0.05390544968264591,0.30802753456274323
15057224,0.003551949878946748,0.003035231508961514,0.07173657069070953,0.007759251297278273,0.0014743731716662036,0.4447830541545552,0.012564677358714171,0.029571435680821927,0.42552345625834637
15057243,0.0011972321757689555,0.0012921753374849174,0.04192262910753916,0.009152308030121757,0.0007761363091252549,0.02964595677799508,0.0037692720287424526,0.013419278060562628,0.8988250121726598
15057248,0.0011683344252413643,0.0011697410826257424,0.006066940251732988,0.006266928589776547,0.001131483618926893,0.07454149016073723,0.005157499328106028,0.009687374825138791,0.8948102077177145
15057289,0.0027344867257776866,0.0010246227054014337,0.008918659044690701,0.022450229902684908,0.0007803591553563854,0.04790185565993235,0.0035982229607620765,0.014205949880681117,0.8983856139647134
15057296,0.005919990414718253,0.014919977364979362,0.03666552672164359,0.5929909187882271,0.001968952945313834,0.10343997545471671,0.007335129418808463,0.14510431245667668,0.09165521643491606
15057304,0.0016414938627596423,0.0029003534446470636,0.08814929476029813,0.016352904675276853,0.0010976056915137336,0.09666493074762275,0.008188982678542032,0.04603848265422264,0.7389659514851173
15058303,0.0004273456453718951,0.0015012412938212652,0.0029986558668024677,0.0007681290679432253,0.0006308116716568992,0.9520893660151143,0.016540705606618977,0.015542111727039393,0.00950163310563159
15058305,0.00020895608713619173,0.001786619111949798,0.0006634930164212046,0.0006686978239019561,0.0009388355750366624,0.9831373718501648,0.0056694192107049225,0.003109087489127797,0.0038175198355568842
15058429,0.0026213368806057022,0.005174678894293853,0.05052680436363132,0.003305586804129885,0.0025687027381210027,0.5075347554579008,0.018696280998434227,0.18634513369445263,0.22322672016843045
15058514,0.0017879108957926495,0.0029751524434621524,0.0073644246695033725,0.009410377507599928,0.0027610631278558585,0.8737027244262532,0.004298840829616916,0.08744485736294386,0.010254648736972021
15058557,0.0009234249849005978,0.0011080049980396313,0.0017954353527280139,0.00048089682081059324,0.0006645533799432154,0.9308293642133825,0.036293041766976016,0.009816045537811749,0.018089232945407797
15058570,0.0021419265686586837,0.004348165209051237,0.0023957564530967244,0.0037004782136579512,0.004238651320731923,0.9374961430198719,0.0025189285049665474,0.030099746290779685,0.01306020441918531
15058887,0.00033906991307684097,0.002390854406618848,0.0011297887939742109,0.0008161039603892309,0.0010275473892100402,0.9662819137849793,0.0012544259933140718,0.02364829841844378,0.0031119973399935776
15058936,0.00011779953627869223,0.00042553894276256646,0.00027681334031762114,0.0003609008077145886,0.00025381861491747333,0.9925995647488273,0.0021203870010147226,0.0017067300077666591,0.0021384470004002253
15058967,0.0006141403942757648,0.004484065255757463,0.0076886549083685415,0.7779633948232801,0.0041825410285110725,0.17056685516099826,0.0017021597260452014,0.014770148873446944,0.018028039829316538
15059289,0.0036963981163226087,0.019674426421643937,0.0035332361900328804,0.6448464624356188,0.21806780215239224,0.02290295609061447,0.002661258934983458,0.051543096260564296,0.03307436339782722
15059736,0.000525080996089708,0.001157248839018503,0.0012044339869402248,0.0007262589900667082,0.0006619712929377712,0.9776135547757471,0.0073661147510631145,0.007763189611598267,0.002982146756538589
15061215,0.07567332606967653,0.0036735164649082173,0.004117571415991065,0.0021210005326633007,0.0022432174372941337,0.8734646446580875,0.015587139581261974,0.009000329810539559,0.014119254029577753
15061312,0.21378545768403662,0.002697755372262639,0.01091810531843429,0.0033446203879072102,0.002324820433113272,0.5038118660601064,0.01629862987296914,0.16647217361270894,0.08034657125846163
15061627,0.0025217221586820607,0.0024632266772808458,0.006801574357443922,0.006449152428025321,0.005637579397580129,0.9223623282651605,0.015873916132294802,0.03165687685645402,0.006233623727078314
15061644,0.0004621564006770183,0.0011477369227791752,0.0015065304055968535,0.0013868861080776672,0.0011640555912966883,0.9781751349504633,0.004337050548963026,0.008882540672046196,0.0029379084001000797
15061776,0.0014374781684905868,0.0012176897994273406,0.002471329563939836,0.002742117344992708,0.002602440762967553,0.9625065483363521,0.0025173680925861274,0.01967707559369699,0.0048279523375467474
15061830,0.0011036462154724008,0.0007516142655961273,0.0017247711414386461,0.001386616522127236,0.001057114114327763,0.9708260479885825,0.002437381004508825,0.014701052346922336,0.006011756401024177
15061848,0.0007271656115110188,0.0009220308108299534,0.0012482579434224838,0.000731774657416943,0.0008725088224486097,0.965396942484989,0.020210466095567797,0.0049657153109744995,0.004925138262839725
15062228,0.00013129334231334745,0.0005711194555266005,0.0003877066423614336,0.0001933465157905377,0.00044592794811042187,0.9883424601712908,0.00404422221780418,0.003076284743459238,0.0028076389633433993
27203641,0.00029691250338703126,0.003891842834333998,0.0011209041457434074,0.0011611842054193371,0.000839469544165029,0.9186990793865115,0.01153057230371146,0.007274691588666522,0.055185343488061825
27204020,0.00017549379366931666,0.005159233355445306,0.0006160454932618109,0.0006179480781637238,0.001100184582631314,0.9607117482766417,0.009833731794887305,0.005245767556212171,0.016539847069087336
27206412,0.0002587297980288111,0.001672687204700724,0.001427839847631421,0.0006721770187574828,0.0006484379015392052,0.8639695193409331,0.03341641027589667,0.003761648495521989,0.09417255011699058
27206656,0.0004579034006449456,0.005607535265155757,0.0014237110861097032,0.001025319774850925,0.0012972905186878164,0.953430515915607,0.010147800387906771,0.005713921582395948,0.020896002068641208
27208230,0.2475056937201144,0.011490839471826777,0.005083828908925618,0.007674103883377682,0.1508623835383001,0.44231405957903425,0.0043927577150214515,0.023496556834877752,0.10717977634852194
27209390,0.0004065581900814026,0.006605729287830617,0.003561379939948334,0.0016473731517373353,0.000831692971237503,0.21493277409176834,0.0047242515861443575,0.035884503884367085,0.7314057368968852
27209479,0.0002605470568078816,0.027113903807232824,0.0013420141387755723,0.001492874666550316,0.004939246479922512,0.9478245517857143,0.0035287144195816815,0.006724370600281696,0.0067737770451332955
27211860,0.00025574718699098803,0.014283779212405402,0.0013487674204255594,0.004431048486211803,0.0020118152946921775,0.9408948556337984,0.006493898805718458,0.00434488620087164,0.025935201758885616
27212120,0.00032412576587541374,0.008274613507940377,0.0032858925263999496,0.0011158631834508274,0.0008766343131922249,0.9099298555779193,0.009518723263157737,0.0112734289521065,0.05540086290995756
27212973,0.00025641925026954345,0.02077084519480045,0.0009287824615928504,0.0010325750391634446,0.0023756174503561343,0.95372681238455,0.003870907126583536,0.003145948925196908,0.013892092167486993
27213635,0.0006662223351913022,0.005013249428697234,0.002124098542739891,0.0025780950488518153,0.0025332486258818287,0.9430185314417913,0.005632499428683038,0.016944725767803388,0.021489329380360314
27216793,0.0011317532712830198,0.015610063184281094,0.0047737150153055906,0.0024217626294844863,0.020227872651354742,0.8884209686231181,0.002026336626324056,0.006481716757172028,0.05890581124167683
27217890,0.0142083488486295,0.006656657411411627,0.0022960279295815077,0.0016158433494995012,0.007072746033153232,0.8998128675347771,0.04077101877264843,0.003924196520090303,0.023642293600208725
27218299,0.000479074846581467,0.0033235646644162423,0.0031601727255608663,0.0008765280718106016,0.0011816218470317545,0.4522683061603145,0.013479173712185065,0.0033826184964857197,0.5218489394756136
27219055,0.0016383719582538881,0.005971460199827378,0.00168942297213282,0.0009127289848773802,0.006891155175301165,0.9635898431043514,0.006131426064180538,0.002523889065366196,0.010651702475709348
27219363,0.00026765586991401425,0.003544042457527469,0.0009245281200384217,0.0006497594801936093,0.0004768700692472153,0.9777115117760449,0.00776709613225426,0.002983029750945372,0.0056755063438346754
27219923,0.0001833783826375464,0.0016223721086681198,0.0005535178885412704,0.0007438646056517165,0.0005015499612265826,0.9795241410706865,0.009122058310448738,0.0015787138035447466,0.006170403868594687
27221361,0.00025662165990188667,0.007831416355369806,0.0010253838481318295,0.0014184186048821477,0.000820332061766576,0.9511473276200714,0.00666380344906469,0.006299418697547231,0.02453727770326442
27221885,0.00035277839911483606,0.006723641597211092,0.0011762436162153676,0.002087422662667452,0.0013794047847719307,0.9030045953422887,0.0062856376656813505,0.0032124428488066238,0.0757778330832427
27222482,0.000678246463781718,0.10105045588256452,0.00489827635586167,0.009276008834225056,0.01512309134162973,0.7671683180455483,0.0037827437053744315,0.018145917167213647,0.07987694220380077
27222643,0.003660569949585676,0.005839412266672768,0.0035868081498090314,0.0032833451128889473,0.009903281667653188,0.12919066653525277,0.005015895223626565,0.005297812462737257,0.8342222086317738
27222752,0.0003693929165403119,0.011651763863400428,0.0012137866146299764,0.0009806750589906592,0.0009300203540386115,0.8689014952813172,0.03604435798991225,0.0030917988375513007,0.07681670908361926
27223993,0.0003770909944860063,0.026646700681602346,0.0010203451036949604,0.0016342251884973026,0.002125203152981015,0.9352457082394814,0.007792176024714272,0.012375130833618402,0.012783419780924383
27224111,0.0016519923017927142,0.036501654207490915,0.047709891650401307,0.08921454706777206,0.011626826659704121,0.07223834568639613,0.002712875741911055,0.349936373295527,0.38840749338900454
27224390,0.0002723561453141135,0.013986126645674907,0.0022282961113481137,0.0011791193274993215,0.0011853611537261948,0.80893998962409,0.012733080637027208,0.004767922044010267,0.15470774831130996
27225248,0.00021650420396145806,0.011015834486272889,0.0013325387552593723,0.0010004246475194638,0.0015796500370604638,0.9502030472805998,0.007398998696557285,0.005853657456585691,0.021399344436183607
27226051,0.0006052974691419935,0.1524929153695861,0.0015990588944959855,0.0033084190777242944,0.43988691719695683,0.3609042922597977,0.002304450921044937,0.030931946469918762,0.007966702341333417
27226820,0.00036543068116962795,0.012759838771751113,0.001293642896393559,0.0014427468377301725,0.0010944528023679506,0.8839670404011106,0.0212650665900989,0.006642254050896184,0.07116952696848193
27227362,0.0022139657637090695,0.023979006237118843,0.008272915334564387,0.10557161621472348,0.20409447137383604,0.05372461292604563,0.0023391282701817626,0.5538402574800034,0.04596402639981732
27227417,0.0019966598324295914,0.02594817670986773,0.005000549016864584,0.056264298519611095,0.13859695692875287,0.09951639618658552,0.0017894252113318807,0.45800804964860603,0.21287948794595074
27227545,0.002711047389913229,0.008588893929571415,0.001696157395030427,0.08847660315776668,0.6841615788251908,0.0037499580329551996,0.0005702926334932175,0.1990385835118905,0.011006885124188555
27227747,0.0013988233060342132,0.03006114461584216,0.0026120208998670533,0.057180891828610476,0.3914913955420443,0.025349490099015656,0.0012751433872930974,0.4511500047019576,0.03948108561933546
27227927,0.0012652579201608996,0.053373864730134134,0.0022974724662521463,0.09221442223891581,0.4341533118321278,0.05086781945222306,0.0013428335549146037,0.3251623472889009,0.03932267051637051
27228008,0.0009505226114785961,0.03492270766172941,0.0014078093217035086,0.034004118911274965,0.7308480590316604,0.028206809635385747,0.0009963386116282973,0.15623607186122696,0.012427562353912224
27228350,0.0007350618751033207,0.027064520291470866,0.0028674683235286854,0.005059962777708263,0.005444448548226413,0.6601876532187254,0.005720407541864934,0.17552291916656632,0.11739755825680581
27228394,0.0007055923699849407,0.023409445711712693,0.0014608506671605194,0.07064270975426784,0.6088920223724338,0.01215123779051039,0.0008191441794184538,0.2728625353100569,0.00905646184445463
27228486,0.00037071269415736926,0.0037003852196346755,0.0008979648458145858,0.0010150735741445032,0.0008707827400103181,0.9378500775765443,0.02721567358676977,0.004245390463637496,0.023833939299286983
27229246,0.0003476905474702527,0.06256371983727048,0.0016465724413227494,0.0011265474181891217,0.003995349836769655,0.9044912957578691,0.004369105957769658,0.003980261975426009,0.01747945622791298
27229258,0.0003300711207704935,0.0036080008541950178,0.0010431901812292925,0.0009499684977562019,0.00113780019260579,0.9452112531994669,0.00789361418393648,0.0036674876646922453,0.03615861410534738
27229306,0.0005996070936868084,0.01481205421026078,0.0012151717944704362,0.0008309824348358673,0.006530730984903744,0.9490710650622277,0.0024902125782582806,0.004973388956682879,0.01947678688467335
27229512,0.002005692251322497,0.003306915130477689,0.0016893290520898251,0.0016781171329417557,0.002389912547427322,0.9040714908297327,0.01205916961191007,0.004087731883617487,0.06871164156048064
27230055,0.002532913749390333,0.0023484183955864804,0.0012781197546576685,0.0008973641678769807,0.0017333825239730192,0.925219517697584,0.005207607125668853,0.002345160979343711,0.05843751560591903
27230350,0.0011033137215875285,0.0029173495078083085,0.0013107534162344482,0.0012962673442133477,0.0014967134524662732,0.9114862089797259,0.04719144787175199,0.006956540906882579,0.026241404799329536
27231945,0.00120828492519706,0.014217407263606045,0.0014822628643650969,0.039630508025788234,0.3832339068021991,0.005203400213372185,0.0006727703784252309,0.5491602731900208,0.0051911863370262415
27233361,0.0004913605574994487,0.008377736092233237,0.0015038632311141712,0.0019582820980071996,0.001435608496665508,0.9204835477447927,0.01627368953423895,0.01484401895438211,0.03463189329106668
27234012,0.0029074434460867483,0.003955560888065441,0.0021761684902823607,0.002113799768004388,0.037490015347818144,0.035739813687574805,0.0012366944923995716,0.004281613257714056,0.9100988906220545
27234810,0.0008534693935752372,0.045873802166972025,0.003795668645057213,0.05321216933754713,0.23884327544500566,0.010598871548906593,0.0010464867100736846,0.6352829721806318,0.010493284572230716
27235927,0.0007127211085101448,0.013900958553293341,0.013426671060375804,0.0016239246704354664,0.0025305452855382995,0.8655052395456164,0.009849981487903234,0.02754890258815919,0.06490105570016798
27235992,0.0007549057024750491,0.04268883529049098,0.003041600750135869,0.004243863922275477,0.01093502906255159,0.5915503214451722,0.0038728321213921616,0.03622852201815305,0.30668408968735367
27236473,0.0003235172708081377,0.0037975046402757336,0.0013760288538468576,0.0004951877209445,0.0013784209504420445,0.9601008777337533,0.005671217379292304,0.003175824901782797,0.023681420548854335
27236611,0.00044125650225080703,0.041109207113404836,0.0005889536345280958,0.006909470827385364,0.9306823921048095,0.002933446878387543,0.0003338491132474334,0.014966507300024834,0.002034916525961629
27237922,0.0008477604661015865,0.007841705480633343,0.0022470793540579357,0.0027783868133252586,0.003990027123663985,0.8953436398277956,0.009296701570871011,0.010191638632794256,0.06746306073075693
27238108,0.0005454571832290646,0.01595679848911447,0.0012395576321256444,0.0018913324820877052,0.004660967692326973,0.9320650965117613,0.02010869071948556,0.011376944766059141,0.012155154523810165
27238172,0.000256512345153116,0.023436906099575838,0.000560625188719605,0.0014313586845660772,0.0022168309957731804,0.959318012794788,0.00616486286414316,0.0024861116224269785,0.004128779404854112
27239286,0.0008871486197593186,0.03247044803109624,0.0027154824977154222,0.006565598721327865,0.018393382841532788,0.7878112768642798,0.00464967511626396,0.07088620300310758,0.07562078430491705
27241704,0.0005638416967938368,0.3556630459336071,0.004415235930122596,0.010494429257508802,0.34190313972489295,0.2647899858404333,0.0017983013545581552,0.011765513507907194,0.00860650675417631
27242056,0.0032951648328982067,0.07766898565200106,0.006358369991462327,0.014147589804153838,0.5500024267792234,0.1794950509449098,0.0046282642939944356,0.024213517505730715,0.14019063019562625
27242549,0.0004538169688164166,0.002017813170870437,0.0015393256567909819,0.000977241191392254,0.000849479817032366,0.4816586119351308,0.4073933999297868,0.002415330391591019,0.10269498093858886
27244942,0.0006578600681399573,0.007407103016280674,0.001666149501927458,0.001162545892877999,0.00258208389015712,0.7500425474023595,0.002633142548019643,0.005986159934629171,0.22786240774560843
27245142,0.00316864860846786,0.08030555394308433,0.01816075056155046,0.012871391173999614,0.16185859817775397,0.3398652970628226,0.0028884288794309844,0.056427246912105565,0.3244540846807846
27245414,0.0038199029018807875,0.02084623067089109,0.007638584481532915,0.016593609389257982,0.1879714403602776,0.22143812585182507,0.002991358624471422,0.03534727049581692,0.5033534772240461
27245486,0.0005755249239666232,0.020285142615485703,0.001470932674739927,0.0013924505937029338,0.004374724439299541,0.9226991896890439,0.005966453085968061,0.009570013745477361,0.03366556823231602
27245645,0.00043406386999297463,0.009407027904244651,0.0019314718914722475,0.0010611430613638093,0.004304448945769274,0.9377390037121703,0.008549611524408926,0.015495905854803694,0.021077323235774083
27246508,0.0009116891396661897,0.00424408294154731,0.0029368109452200786,0.0014000559166253545,0.001281100854512386,0.8660482733822658,0.04859375101336835,0.0160293833124608,0.058554852494333724
27247366,0.0006232828667181297,0.01140861389750225,0.0030730368812007824,0.00204635120596563,0.0013635176814038676,0.4408251484206914,0.10746803097126248,0.006433484235329605,0.42675853383992596
27248085,0.0004501508729498441,0.0017188690640730457,0.0009601436622669132,0.000657364328388451,0.0007860719688774059,0.9179746315419953,0.06302363449440938,0.0026968280232150424,0.011732306043824584
27248316,0.004217586847588131,0.017607364213748325,0.0023879135448457386,0.0033880735086224195,0.008667036756716696,0.12874159997557147,0.0099403009339055,0.0057024555628285975,0.8193476686561731
27248920,0.00042779377823225554,0.011605088554086446,0.00498923612805182,0.005724029896691701,0.0031694388448003266,0.008068765818564857,0.0012544907507824558,0.007303175925559585,0.9574579803032305
27249654,0.0013785181238088102,0.003713688656486437,0.005474849605950708,0.0023159993589483108,0.0016369076184312645,0.7374362144011445,0.07314155199547383,0.030852466924907455,0.14404980331484873
27250103,0.0010364551677624035,0.00968276238506092,0.004115127406231908,0.008840835640378708,0.0165583667477354,0.018642281416631743,0.0010311738959124764,0.007527607926987805,0.9325653894132985
27250484,0.005896211850049269,0.02311229696555963,0.022864007175754347,0.027605480989586897,0.08610050341086228,0.09586287884303844,0.0031637037004001466,0.04144513228711547,0.6939497847776335
27254075,0.0010598520889659438,0.06802532248950671,0.00773113574543937,0.0038357620933402257,0.009638955510978849,0.7547840675367671,0.007411632843652091,0.047831825189767356,0.09968144650158238
27256605,0.0003394557086979032,0.0014590419133665262,0.0006043857077077388,0.00042368482682722216,0.0014059994587122258,0.8650491222145843,0.09810733076150006,0.0035277976360046245,0.029083181772599408
27260821,0.0007950822287398565,0.0014047175936683835,0.0016058272095620283,0.0008587252976808283,0.0006253537664914817,0.39840475903601436,0.5372779729031858,0.004313401595197679,0.054714160369459384
27263673,0.0034068093527139273,0.006037639238016244,0.004933660742330747,0.0021670076577340815,0.0009218955459703819,0.16068705462254249,0.6446309951194263,0.004482741486488145,0.17273219623477765
27264838,0.00050585546115666,0.0006104476621981388,0.0018312809616691343,0.000914255784738486,0.0004813272244279569,0.9208372697079985,0.06405380109307605,0.0033811847869245014,0.0073845773178105876
27267285,0.000150734387909435,0.000896321689097398,0.00025166992382749654,0.0003320180824091311,0.0004684161833333729,0.9902739284063158,0.002756413340847253,0.0016833934015125867,0.0031871045847475282
27269056,0.000478042263584646,0.0021386205805670943,0.0008858900584815515,0.0008938553425259948,0.0014215183440937714,0.9600842999748754,0.004107985991479143,0.004080362693887713,0.025909424750504555
27269065,0.0017485381292983884,0.0005301371614129667,0.0009566522953029057,0.0004080996210705821,0.0003131535019702826,0.019545996194368156,0.9379833695783152,0.0018719942910258812,0.036642059227235506
27270200,0.00044025481195371694,0.001575456817495887,0.0015588210098198578,0.0006206914165476459,0.0004941203820523152,0.9344429740953878,0.046071347005071664,0.001926599609530427,0.012869734852140729
27270846,0.0028244846961295094,0.008739615952643751,0.006498609589487333,0.006206033836732152,0.003396605693144897,0.7104725929066417,0.015466570029680602,0.006235082040515431,0.24016040525502466
27271299,0.00141718748841831,0.0011877865226150302,0.0012051168946763655,0.0011726781897464067,0.0006438621991540992,0.41883152025334625,0.47652072526439854,0.002712754039102471,0.09630836914854246
27271832,0.00011753000889856264,0.00045784078414297104,0.0002451137532232009,0.00023019665091348658,0.00031659082709471824,0.9882010972238409,0.006318747541164293,0.0010059802427508939,0.0031069029679709733
27272650,0.0062332806855225215,0.0026873648307009623,0.005152329859794439,0.008129553743205103,0.0014111180692471727,0.521416699702442,0.04206926997937755,0.007415055068747732,0.40548532806096266
27272926,0.0014835506124757623,0.012072526761190423,0.0017604000539391518,0.0045208934014834045,0.006032758435314064,0.5417591848449672,0.32746471836091345,0.004363238456014655,0.10054272907370183
27272937,0.00038021400743556207,0.004588786952925186,0.0005056880181363756,0.0009787336472913623,0.00668378496197299,0.9789099488388312,0.0021124064209004168,0.002301614239149763,0.0035388229133569956
27273133,0.000506520994004765,0.0033562092223182243,0.003883264808996934,0.002109423024761125,0.001265184114110164,0.9523933633070851,0.0035732897104735436,0.006860566123033964,0.026052178695216133
27273193,0.00012511798117820883,0.0008302630034666021,0.00041137267131933255,0.0006204856565919868,0.0005212532724788524,0.9821649347497637,0.009227784964010279,0.0016107837059964876,0.004488003995194495
27274096,0.00032390072478535615,0.0017536018140675534,0.0010672303959759503,0.0015969059404126482,0.0014878912861102734,0.9289582229620265,0.04496220880273259,0.0032910311150047577,0.016559006958884386
27274147,0.0011537806477061752,0.014199590185603085,0.02510188592948761,0.4687449651468921,0.035950948069161076,0.15721917373997724,0.015690710916753333,0.014265617087015618,0.26767332827740364
27274349,0.00044397637506272454,0.0014170787382855607,0.0007659911731780979,0.0011220076581942124,0.0018880516260331394,0.963374689740214,0.010833153353546104,0.0029262174354084927,0.017228833900077747
27274643,0.0035168720801893906,0.0011773632769457212,0.002152673319634806,0.0011839658228695647,0.0009660769615520452,0.9560083203912488,0.02423970093328659,0.004653588908235635,0.006101438306037349
27275251,0.00043328177621259224,0.0033579021071706286,0.0019779527147128907,0.0013776896729696462,0.0018158820850682467,0.9684086628313151,0.006655495497492108,0.012118326491571534,0.0038548068234873453
27275276,0.0002172164381878197,0.0005481280116578637,0.0006516849593631907,0.00026100330790734106,0.0002447317634428042,0.9660305874941626,0.027111955980459578,0.001875391883051162,0.00305930016176761
27276721,0.00016332082510766955,0.0005240911342514769,0.000350333115075936,0.0005191789803328069,0.0005079011354325675,0.9875594840968012,0.005559149799406578,0.0015909554573201575,0.0032255854562717357
27277131,0.0001616797743404579,0.0018203160034888936,0.00043279672510463106,0.0006599688536624108,0.0007947776363337149,0.9761546449220321,0.006815042947758597,0.0019695073831699573,0.011191265754109166
27277206,0.0002776790707947421,0.001767686928486734,0.0012138230289529329,0.0011379507627719047,0.0008333285327590312,0.9344633365035205,0.02578525287382183,0.0037647212693034515,0.03075622102958874
27277456,0.0004916589197784288,0.001516218472154687,0.002715455889119405,0.0010986897544505159,0.00078816417131312,0.899087316082232,0.0108634830291067,0.009493266368953245,0.07394574731289187
27277630,0.003357944612009125,0.00413945475493609,0.016127631175508216,0.012435137041158563,0.006026207008398573,0.6309031179026626,0.019901963622483525,0.08213078058600858,0.22497776329683453
27278335,0.002772733622489475,0.005181968839220894,0.0024233019911368303,0.009227133051625556,0.011811712508639887,0.8834879742653736,0.0027160752370685238,0.008270755829331754,0.07410834465511343
27278352,0.0035668391879817613,0.018112664260592326,0.006941265036150916,0.10146287125100777,0.0658219597690579,0.5805174532579727,0.005348044154380005,0.029766206704665635,0.18846269637819096
27278359,0.001647097554025094,0.006839087916329912,0.003052842793907182,0.012656987594262026,0.005240061037046463,0.7099770256011602,0.002450790148640809,0.008310511652816203,0.24982559570181212
27278399,0.016460729560282838,0.007373344295684081,0.0032365824242814585,0.007230566004423884,0.034477043849610825,0.41831148738229096,0.04322591633705949,0.007981843408985818,0.46170248673738074
27278418,0.0012001818602410457,0.00497139382305472,0.006338524389927856,0.036920261608064955,0.0034347548028161156,0.1486390565566849,0.0026661292624994173,0.007732058413816231,0.7880976392828949
27279366,0.0020620230999212757,0.0033822288900932813,0.014402934140458403,0.04096002752322796,0.002800950341511539,0.14889546824629832,0.0037758328434783417,0.005212093821287391,0.7785084410937235
27279382,0.0007422720273906329,0.004430833412856013,0.023112211200247867,0.002038394145467234,0.0016049510819181013,0.6131862449967176,0.021803089467571077,0.006922861648291273,0.32615914201954027
27279447,0.0008003159822165911,0.0022780714057769554,0.013769866611504466,0.020480588276645357,0.0023371214871630405,0.014980183606248835,0.0023005995811022136,0.004782381056730949,0.9382708719926116
27279469,0.0031405350761667407,0.012510707879576708,0.007310011965866968,0.61463586611707,0.05279819778825173,0.01913948805859245,0.0023928240181504833,0.009611113145878643,0.2784612559504463
27279509,0.0014082525128960722,0.007034760756502977,0.009160895289131417,0.09899595163890064,0.007631302586704726,0.0475010623105663,0.0019409893532822554,0.008942796002726303,0.8173839895492893
27279610,0.0011732211051424567,0.004324760547124624,0.02093739339684381,0.05795007277600273,0.006545009485732268,0.047550565903607296,0.0038836159268125663,0.029124997491584596,0.8285103633671497
27281508,0.000225356701454196,0.0029620066916195113,0.00039877962758501405,0.00046735524390153376,0.004545942327264181,0.981705027651387,0.005895491914520254,0.002169914579291667,0.0016301252629765857
27282434,0.0014783396331244378,0.0012745107096945466,0.003857771803373731,0.0015105487535600115,0.0006215716869337994,0.11859151185753854,0.06575223223160948,0.00471336665518905,0.8022001466689763
27282901,0.001583780071557954,0.03518272645002079,0.0026897844548017247,0.6813196510256923,0.1473341340257989,0.009077636677756058,0.0012597369864941685,0.007910634584389354,0.11364191572348864
27282995,0.0009268002823782781,0.026252747871631576,0.004703143221388289,0.43726936861796567,0.038913383774431064,0.01102080149090148,0.0018049037745162947,0.0069755414484097885,0.4721333095183777
27283125,0.0005943622505633089,0.0012194889634529926,0.000806468338499801,0.0005459402619086757,0.0012149505430677668,0.9726411410856532,0.01465234796239968,0.0037399783770041125,0.004585322217450414
27283358,0.004298803509427226,0.0517715563278397,0.009429334413215548,0.48629214293578166,0.1889324791963602,0.051507622200112575,0.0030872992393116707,0.058291382962419626,0.14638937921553186
27283987,0.0006820547887304747,0.004264109837536336,0.001094401551391216,0.0021768045706851433,0.0067159243271722605,0.9655428613359521,0.0049525323156279005,0.0065114383896120445,0.008059872883292355
27284562,0.0018269554346933702,0.0010249794294577258,0.0008720683062646152,0.0008916826773789538,0.0013936414845518404,0.8531884268061062,0.13088618683844128,0.004161564796280245,0.005754494226825678
27285077,0.0006889366073882985,0.0007039370867494773,0.0010834563899588087,0.0004501798289390775,0.0007259959762019703,0.8207526361049157,0.16585581590696968,0.0036548248769538542,0.006084217221923205
27285996,0.0006456479095223633,0.005610226213103976,0.001470657045141897,0.0033627653558188555,0.0032326425169419064,0.8420206432693178,0.027589668155052406,0.005542321322844793,0.11052542821225597
27286316,0.006617591224317786,0.0023189272321278063,0.0012754845566914513,0.0020857023956048315,0.011776437536910652,0.9630721811746803,0.0028678349226146584,0.0060080069717533225,0.003977833985299187
27286859,0.0008746357814773747,0.0022507987695794033,0.007109623525592745,0.0023181851304911716,0.0010630505350710808,0.3809305260677778,0.03103366107992972,0.00925476529455522,0.5651647538155256
27287341,0.00023544994191045058,0.0009287461682718889,0.000623264873764565,0.0004948436482116363,0.0004697927122486071,0.9040367972534586,0.0856100117881306,0.0011821332465709526,0.006418960367432667
27288515,0.0003041387274001344,0.0011200918831059694,0.00037375041311874213,0.0002614986479531735,0.0023373211404177515,0.9853764616620055,0.007621776511475487,0.0006070558221686675,0.0019979051923545666
27288757,0.0010202914226549197,0.0005608467113530419,0.0010535191416802144,0.0005311263693648396,0.00042095512256799095,0.9452553089842317,0.04324882791576493,0.0014487338441716933,0.006460390488210734
27288952,0.0013646915589779673,0.029672434372815706,0.002751720740510378,0.02619041242560528,0.03753815822702227,0.31746379106206457,0.0026143918168450198,0.016701993019405142,0.5657024067767537
27288975,0.0011535328626429793,0.02011346482861211,0.0022289414088736714,0.01752120416943218,0.014332402985358842,0.345454111352861,0.0018865231896140382,0.010500691070890305,0.5868091281317149
27288980,0.0011842175443676803,0.0597736636034944,0.0035913986130180243,0.030705102365487937,0.04064016276882779,0.08486976871726275,0.002089773421005045,0.015203291361969537,0.7619426216045667
27290039,0.0001167657808325331,0.00034736367224972464,0.00022770699650590066,0.00018141449275206842,0.000330937495212257,0.9803119174259919,0.013415343070749257,0.0015334086084889975,0.00353514245721741
27290905,0.00017285997041301867,0.0005924153262144428,0.0003307565758491656,0.00044778121055658737,0.0007492733423577931,0.9838349538474865,0.010986662812884965,0.0013599536439242446,0.0015253432703130913
27290998,0.002810193459219865,0.004399479610895258,0.0021675798214185658,0.013106338995351467,0.02057747035483615,0.9369345212357627,0.0013191870170239902,0.013343142944528697,0.005342086560963281
27290999,0.001444046790535382,0.0031473325168477136,0.0037534646608392186,0.021813085692240865,0.005580093567048364,0.9377549304594257,0.0015383892213363976,0.014056568734610485,0.01091208835711572
27291005,0.0005485427965739593,0.001222180020508218,0.0008839415711591934,0.0013014847411718883,0.0007471535689474082,0.9842870671545195,0.002114047383066636,0.0023723813990777745,0.006523201364975391
27291012,0.0028496524289345223,0.03480316152992513,0.0027057477997456483,0.01744983885335279,0.043096513422247594,0.8611283527316784,0.0020314466669143264,0.02804098117204864,0.007894305395152871
27291083,0.0003084847413573304,0.0027498446081447208,0.0011106763221627165,0.0023651070839989232,0.002301043026499959,0.9816332862094026,0.0016758738981208455,0.0035890702392984792,0.004266613871014365
27291147,0.0007735487070942395,0.007474760663800095,0.0009771437398591667,0.005232064027696505,0.015604818705203737,0.9593408585933271,0.0011906593755008287,0.0061772044116250036,0.003228941775893369
27291193,0.0005971137778052029,0.0055501522958272785,0.0007857111016622222,0.004242305385909405,0.002506267151883883,0.9719727451266534,0.0011073007649944871,0.006701535242485634,0.006536869152778456
27291241,0.003660054930505607,0.0028207708887229813,0.004939400162663615,0.011752847342798581,0.004003486248002908,0.882235980830055,0.002458384706159067,0.017579826740482828,0.07054924815060933
27294499,0.0003991345783460981,0.0017808567296023847,0.0009820674148244616,0.0009516040877152858,0.0008766460404039466,0.4778658578239071,0.010181356302744474,0.004042264130526237,0.50292021289193
27297944,0.0005979502554744647,0.00551824673059521,0.0026955149122725214,0.0019304654355396867,0.0019409486867318845,0.8068453004775691,0.019613790441529853,0.004167466486000258,0.15669031657428703
27298029,0.001215161030974354,0.0024819717233577243,0.002391676745877685,0.002526164762131218,0.0011124696710457895,0.7835596939025034,0.00881021315943652,0.006071975876094971,0.1918306731285784
27298207,0.0006739216809394121,0.00032122164946221047,0.0005524495585977669,0.00022842691061338694,0.00021776915668011662,0.0104953569149502,0.9181052103094424,0.0008143702024783249,0.06859127361683623
27298831,0.0004750922679968981,0.009210511571559749,0.007928248861209589,0.0029578711291789192,0.001753710787614467,0.06719387914291179,0.005942197262816481,0.015097924293813996,0.8894405646828981
27301086,0.0013073058013597194,0.21188041344191164,0.006048267247625347,0.024060114283932666,0.20181399402989786,0.22172570901097297,0.004475486206606123,0.017521590654112885,0.31116711932358077
27301588,0.0009740692968025085,0.052530443110127154,0.005548907861671988,0.0486842061808274,0.7025580013688492,0.0932385186097876,0.002217131687748039,0.016318809085768028,0.07792991279841835
27303130,0.004177117260908937,0.002760825296424078,0.004461465974171713,0.003682737478328701,0.0010655459864288216,0.4810740572646953,0.032490418744353135,0.004548298865352115,0.465739533129337
27303243,0.0011937809288621768,0.004826011313085625,0.002419478287067005,0.0015690346009364527,0.0009583013545881386,0.117597627862498,0.09516555342231948,0.0034900761634227228,0.7727801360672204
27304639,0.0002932831562815627,0.0014986965221053896,0.0008501517208661843,0.0006731143905299369,0.0012889002118478038,0.8254603513421194,0.1553828546759097,0.002906294160117759,0.011646353820222237
27310870,0.0009919879784924142,0.0004944954257145609,0.0007037543462596685,0.0003179137110861848,0.000299245429559905,0.0036901673620417285,0.08050629723828077,0.0010347510595136787,0.9119613874490512
27311386,0.0002999656098170762,0.0030370443017400986,0.00081260998274305,0.000459056145363862,0.001462065430259392,0.9631669788326273,0.019870227200472938,0.0013695439365743634,0.009522508560402014
27311627,0.0004941432078889752,0.011883605928985968,0.0016374408757539054,0.0008175204761049826,0.004652240078286903,0.9041934873784929,0.006355692093699957,0.019529041200188925,0.050436828760597525
27312527,0.0008001252878323176,0.006576132366614123,0.0018273729120186271,0.0010693179552688184,0.002479932064256984,0.9044023406760967,0.01579493536213242,0.006345262649219411,0.06070458072656062
27314199,0.0006823317564375211,0.0030962563960841667,0.0019624285140955214,0.0006776347373283641,0.002638592544420956,0.9581273743485031,0.01372165307692809,0.004929654661407796,0.014164073964794433
27315036,0.0002847810018405422,0.011607430095654238,0.0006575804992211498,0.001342835505143188,0.005037639115243356,0.9613214003103882,0.0038084088545490852,0.006591411516923848,0.009348513101036448
27316574,0.000885243111731739,0.009123037324469091,0.0018267620447063556,0.002062915357141536,0.006011196896728269,0.7975952509079033,0.004733666137570655,0.017301611320660704,0.16046031689908832
27317646,0.0007491073945481995,0.0017115623806104444,0.0019788847726383706,0.001296200524543027,0.0006266993184895746,0.12165633535119495,0.029220209099430954,0.007969746157841951,0.8347912550007026
27319072,0.0011723132924699924,0.008023800665912696,0.004842108733507339,0.0013818674987044405,0.014075393123812,0.7228405656076619,0.00855179232879419,0.07575672648172528,0.16335543226741217
27319892,0.0004119806391887229,0.005438124242821612,0.0008701904176182602,0.0005046150368437486,0.0036242636252108032,0.9357464016291152,0.018803679849043513,0.02166784883724207,0.012932895722916242
27320262,0.0008147798637312542,0.007349744736889354,0.00889575156097625,0.004876039560099458,0.00397961383449838,0.06176725263733843,0.0054548242603697965,0.008979855753988776,0.8978821377921081
27321197,0.001039332834718114,0.0007076987998169074,0.0013805981937015741,0.0004557261130339593,0.0004905745637547993,0.20842731315997812,0.7557530584164771,0.001500532127165536,0.03024516579135376
27321202,0.0009538538330473023,0.016037272383607054,0.03976373137095254,0.005289290632654634,0.012091342577665263,0.08998168678808849,0.008619046856505606,0.0067403228092476,0.8205234527482314
27321241,0.001985792593946336,0.003581974149940652,0.0024857714298393,0.0012593284533172961,0.0019757714599943316,0.4382333439253294,0.04452397831876747,0.4799131736355881,0.02604086603327707
27321582,0.001371343846931079,0.00121092785472958,0.0029907469018537803,0.0011183404678769392,0.00041276157913453583,0.027429371357392058,0.02035488598652214,0.0058372232304926995,0.9392743987750672
27321885,0.0010130525978084188,0.005194544938188644,0.2652390184103599,0.2792975019813811,0.0058023468349643744,0.02523524759266097,0.009373706740841368,0.017178326876495956,0.39166625402729943
27322213,0.00031886401956705905,0.003986786763697254,0.0014450301469391771,0.0005133584435673262,0.001767001597592177,0.9463423207728484,0.014255842727765766,0.012430387303078381,0.018940408224944416
27322239,0.0006242751725225987,0.005417685421335854,0.002564583149255897,0.0023068568471363866,0.002336952747437547,0.017461782054386855,0.0008505261197297622,0.010540003577737935,0.957897334910457
27322774,0.00040592485881528543,0.006791497308886563,0.003443074537706143,0.0012333193867878048,0.0020277885193105355,0.9479446859587208,0.006564139598899874,0.009353686719281194,0.022235883111591945
27323256,0.0010258918235653532,0.0021960659628118095,0.06984992516764486,0.009694411524664232,0.0015941171916190068,0.8460987240052965,0.00880799706445833,0.016223071244544484,0.044509796015395384
27323692,0.0005055461339033777,0.01681247311895404,0.0018624758484326437,0.0010755513248538323,0.013719522085837483,0.9434235700991886,0.004024772972308939,0.005271724266337479,0.013304364150183516
27325257,0.5621960280914614,0.12579604999347999,0.006974785361194175,0.012390273572696817,0.06661536153946326,0.029906777058608745,0.009082525094911205,0.009804638795601669,0.1772335604925828
27326782,0.0024016715212007837,0.006742371485363671,0.013928610078348362,0.07128199261187647,0.01677176930966923,0.0038456298811011,0.0008950474629860504,0.011089801067933282,0.873043106581521
27326804,0.0019567005700585685,0.006136169513363284,0.009987181954774023,0.07581947362283006,0.017736209079603542,0.0028703339811235098,0.0007880591225514893,0.011448031860152676,0.8732578402955428
27326842,0.005855742168740187,0.023656388883494396,0.014174050497367108,0.3177230573123117,0.3146015435577556,0.005845588810176429,0.0027722180035688287,0.012163730954724884,0.3032076798118608
27327185,0.0018371117260662629,0.10450564550374515,0.006123232484874905,0.2191100220937536,0.02937001141964561,0.005177299895271512,0.0015310218492470163,0.009212991368352918,0.623132663659043
27327671,0.00012621986001917917,0.0003834410052576421,0.00024167867470581054,0.00017236067738447944,0.00030179073859399756,0.9931886394225087,0.0026585541024519944,0.001357230369894905,0.0015700851491835103
27327877,0.001602064737267054,0.01964218191692596,0.026926342515885382,0.07893041241542503,0.0029860735846948486,0.20262454123793674,0.0035947290246668676,0.026945634927459144,0.6367480196397389
27328781,0.0003920842338426782,0.0004173070700698356,0.0006738864709328843,0.0001936961122100385,0.00020778444863946887,0.01726516158558739,0.9386120013106006,0.001052299229969641,0.04118577953814743
27329054,0.0007351533498594865,0.008124013125202263,0.07250953233179308,0.010342099636486404,0.0029817631185627322,0.019403386108965675,0.0034794409592754866,0.11870942580321536,0.7637151855666394
27329113,0.0026554037155622637,0.001405913908135632,0.001333973257667358,0.0010020832402075953,0.001377933196489221,0.5980927534165152,0.3832561197851989,0.0069227324475361245,0.003953087032687626
27329179,0.0008455383722413003,0.0044098791395718985,0.004522244479633354,0.0007130266999731272,0.0012271810845836037,0.8112409610379945,0.02628132395527056,0.020293082699726916,0.1304667625310049
27330098,0.0003793010471675235,0.0009741196521896071,0.001398189726688138,0.0004093843345564479,0.0005770984651127663,0.6772003785340628,0.196890588813977,0.0024706903967955064,0.11970024902945033
27330398,0.0005652996877721782,0.0015189506192432995,0.0009235871196022587,0.0005573946603110279,0.0007274501053404959,0.9798438471780324,0.0039212580056660505,0.0032396065614896095,0.008702606062542698
27330675,0.0014309702581938733,0.0009142815325114097,0.0008389186887755256,0.0004993879460622182,0.0006697740215044031,0.9831390169573159,0.0031441872125678063,0.003204589625796971,0.006158873757271931
27330798,0.0004960648012812652,0.0015934577308575016,0.002005977790476514,0.000867353876429493,0.000815310632742618,0.945713896371412,0.0024433925548731066,0.00898693424362689,0.03707761199830062
27330903,0.0029780404612429166,0.005637839696133255,0.0014369119507018678,0.0018694800242132735,0.015033164414353473,0.9521328712100197,0.0033153878680753242,0.00866535962294646,0.008930944752313805
27330971,0.0002982855007286389,0.0008169474543674512,0.0004545091883537862,0.0005147553419245867,0.0008923183106451444,0.9834083757024826,0.004826029162898697,0.0027182208555538464,0.00607055848304522
27331136,0.00032360852436357147,0.0012350929100112184,0.0004088399496016776,0.0006355546607242396,0.0010448563308480114,0.9767942874970704,0.002329796338530535,0.0034530325307360684,0.013774931258114277
27331288,0.00027607909728982874,0.0010508236025406341,0.0010635329870445698,0.0005136601943194781,0.0006791738822351182,0.9175528950759912,0.031222399889107914,0.00424870762231946,0.04339272764915189
27331368,0.001082028128266992,0.001128111451397032,0.0005774600022896684,0.0006006291618261142,0.0008128094728988956,0.9788707034441192,0.0034001961619937967,0.005476839734372265,0.008051222442836126
27331597,0.001329042803326889,0.0035915696842939884,0.006349272825082017,0.0014717046086792707,0.0008858759513849062,0.6005294085737531,0.007479814201541842,0.019297648346920795,0.3590656630050173
27331897,0.0003513627462610918,0.001993329696898234,0.001161160204233594,0.0006288311030299069,0.0011142422614896952,0.9553723332195094,0.012496384146665152,0.006516069181684892,0.02036628744022802
27331898,0.00022322107101531208,0.002068981752842321,0.0009603574150419509,0.0005261190962593853,0.0010707678924659735,0.9724933052258491,0.011066765762567357,0.00582278203757525,0.0057676997463834015
27331924,0.0009001260326867549,0.048041918957653126,0.0032629677447345968,0.05007124531617349,0.6346103723269902,0.0074437722959382275,0.0008887998009771312,0.2518844878683862,0.0028963096564602834
27331936,0.000491773790001284,0.00048362112799292127,0.0007324194708888615,0.00020177636212284422,0.0003356074053632404,0.9184093865242738,0.053736689091339766,0.005406827007967013,0.020201899220050258
27332145,0.0002043574978844685,0.0007807695035357315,0.0005090518902454859,0.00032477736503478424,0.0005469666508299854,0.9633943844070161,0.02681235501821043,0.0023389785487621293,0.0050883591184809895
27332389,0.0006124137764294417,0.0018435829444510279,0.000940699165576069,0.0007588061410951986,0.0019793381018868832,0.84420789746641,0.130817813919582,0.009891243757315838,0.0089482047272537
27332497,0.0010204708470593947,0.001803049750890215,0.006271168599089687,0.001009609407040867,0.0011221342227297425,0.5934984235403588,0.017004724566807957,0.019023151429218343,0.359247267636805
27332504,0.0004399738490962035,0.0019142325625447806,0.0022956338324422103,0.001379267933345963,0.0011016627047999083,0.9228076934269709,0.006090233547594487,0.010646364674400157,0.053324937468805345
27332769,0.0036059800339680753,0.004301706484592883,0.10765675201685122,0.013046047488929088,0.03210243401959648,0.2129718188602925,0.010169712255472902,0.5576781625498777,0.05846738629041907
27332988,0.004018004383434036,0.008235138533493455,0.01037472088291158,0.007489930785467254,0.009720410281584534,0.44722218417666243,0.012939868894848194,0.43422638354973886,0.06577335851185981
27333044,0.0005975708146604966,0.015255361967572907,0.0029413280112750187,0.001766328153012969,0.01757410126966059,0.5455203262550778,0.013240020828542073,0.3927478805805533,0.010357082119644784
27333961,0.0001262359117723809,0.0006788796810937223,0.0003984830870364891,0.0002597009913330618,0.0004205566956970361,0.9886056260935017,0.0052237141076385205,0.0023491572180263007,0.0019376462139008878
27334642,0.00025194230567626203,0.0003973294531453928,0.0005004059997377081,0.00023197374453904872,0.00018865366280521143,0.7414328627944591,0.2283459924686955,0.0009629985010815862,0.02768784106986021
27335022,0.003475470273548896,0.051857422198756574,0.016836429215802088,0.5689698951564193,0.041794879955766855,0.015966519962095888,0.004084145882745978,0.04667682874682965,0.2503384086080347
27335499,0.00019908205556603916,0.0012522059104092174,0.00028400978736927595,0.0003564749645772779,0.0008652945316016666,0.991239045694802,0.0014023708399960736,0.0025823263263585246,0.0018191898893198408
27335500,0.0001679226680257676,0.0011744708584795567,0.0004756602310222749,0.00026336079278865956,0.0007296372905051626,0.9863793414130073,0.003952467216684768,0.003361779097651957,0.003495360431834504
27335920,0.0001490583869986501,0.0008569601012451979,0.0003819106346371722,0.0002089235007704899,0.0003124626050980388,0.9714193531165104,0.009467690028724773,0.0021171598420415263,0.01508648178397379
27335937,0.00027962405663273845,0.0007083237331587847,0.0013642518722001907,0.0004058219609035962,0.0003360948274399367,0.9494132739525661,0.01097111510036043,0.0034479100920315328,0.033073584404706764
27335972,0.0007677411302126913,0.0009802915324745975,0.0008362321180720218,0.0004678292336286268,0.0004512768072455175,0.9464762574439314,0.023076579952993545,0.0022801888724022818,0.024663602909039243
27335985,0.0004512679932512802,0.0005000119593703828,0.0009737383614669066,0.0003400669724628894,0.0001973074149924591,0.9277787743557575,0.005546068461726573,0.0034733065729860785,0.060739457907985954
27336264,0.00030055642753732797,0.003293552844160711,0.0008931221482035319,0.0008814081411039319,0.001047463650320413,0.974024911588947,0.007075097023910793,0.004048464721778249,0.00843542345403811
27336301,0.0014163209423829158,0.06830027592817052,0.004082948403317318,0.004944092149578663,0.4900051548103171,0.004431715886882565,0.000836009738982189,0.41584230730877425,0.010141174831594425
27336331,0.004031605656974817,0.07886532733069296,0.013804107352397057,0.015025704852725327,0.2549791992255162,0.015455597637961959,0.002033192500395874,0.5689582138245579,0.04684705161877793
27336345,0.00023823958989251868,0.0003852669841781459,0.001297201000322565,0.00020135483266744966,0.00013753455145169404,0.9068135640306817,0.06085952502022587,0.0011354348943982916,0.028931879096181782
27336370,0.0005962119936124647,0.0050420648824201835,0.02647519354144841,0.001380370430091125,0.0005200279100691952,0.3081827419471791,0.003156284636413461,0.010725065605965145,0.6439220390528009
27336506,0.0010745530358768278,0.001345384878601261,0.005370243336009131,0.0008187735854525811,0.0005937724028205756,0.6852461426735778,0.28683204539815177,0.009998203024410856,0.00872088166509929
27336625,0.0009356629128814986,0.003885523877862619,0.04960064559718467,0.0029483375349385562,0.0015896307844990869,0.63423690827074,0.021093309501267244,0.010865847272481407,0.2748441342481449
27336709,0.0002201652349630764,0.003585846234907974,0.0007708099434589648,0.0003959980976077398,0.0014888150485253572,0.9817430905147218,0.004299681713756374,0.0031732860798644982,0.004322307132194324
27336822,0.0020071918972080255,0.011754600003954365,0.003281744262171164,0.005892262819658996,0.48534583089447086,0.0025926437288073144,0.000626938946004795,0.4825298083747457,0.005968979072978781
27336898,0.0010755932204249178,0.0007004151447350939,0.001875340777606947,0.0005735292487482845,0.0005519377691771214,0.19314081011379985,0.7824180418610864,0.007527077458001074,0.012137254406420314
27337000,0.0017545163419503643,0.023977837162652914,0.0018609726880430759,0.004668187459373399,0.7295498218953012,0.003644568668681136,0.0007117793157594518,0.22951664061677657,0.004315675851461953
27337095,0.00035325502968957265,0.04097915686522208,0.0027210012259051,0.0017940067142485157,0.0062958820730052295,0.876172808807513,0.006736988168942612,0.006703498976559368,0.05824340213891445
27337441,0.00035813481563392566,0.0015041718389798091,0.0006654125699094206,0.0003250260635194854,0.0009092428518008149,0.9641654380078896,0.003255914223597438,0.006858046937695543,0.02195861269097401
27338015,0.06700993004260775,0.006206791180513108,0.001756967647459475,0.001572693615723699,0.005320748409928767,0.880811590606757,0.007701503654963101,0.006843779354644465,0.02277599548740267
27338261,0.0003998432114502588,0.0005999646443601303,0.00043377454595048203,0.0004896037166559154,0.0004352645689094229,0.9691981187020348,0.010878141381283913,0.00166408386565989,0.0159012053636952
27338374,0.0013518025128810968,0.00034691850422546465,0.0009290018918397042,0.0002308348215653896,0.00017348302288075666,0.005061581753524789,0.9632566919429133,0.0009723132281228901,0.02767737232204656
27338487,0.00022625549131040178,0.001713155132209837,0.00032849418354967446,0.00030985931072248355,0.001173032985657679,0.98032225797579,0.012454394078438008,0.0017892471144812974,0.0016833037278404827
27338573,0.00044716443130848833,0.0005796246937272865,0.0004619194307350573,0.00033826590664291827,0.00027327420505966147,0.9835180794055076,0.0037928226751542567,0.0028695087944744903,0.007719340457390179
27338627,0.0004475169267808711,0.0007739414099708851,0.0007079945065828798,0.0004514771400302261,0.0005586714135912453,0.9763603144924805,0.008427915901195415,0.003927134753996358,0.008345033455371501
27338828,0.0013279927823115754,0.0009523343084804839,0.004926010654983837,0.0007257096279867939,0.0003780825319278235,0.016038641271598344,0.8069635022851261,0.003235844230143269,0.16545188230744182
27338955,0.00015570490255965974,0.0006443551150039274,0.00041631330974021825,0.00023159885798890092,0.00023574611272385312,0.9681574369527663,0.022716468648577237,0.0013558572924417661,0.00608651880819808
27339257,0.0005071821629763569,0.0002788700584506387,0.000368766605164258,0.00015732025269956225,0.00015849673329074214,0.003789575440151829,0.952521215634695,0.0005968870087929816,0.04162168610377848
27339480,0.00027284229987009905,0.0013284481692183627,0.0014256231589948342,0.0003349929406262427,0.0004873417020803792,0.9616013363144904,0.024443978973945388,0.0027042215365066357,0.007401214904267765
27339989,0.0005172207459506036,0.0006951945479643245,0.0015437446909204854,0.0004097302072502827,0.00025027771755570363,0.017669313177845276,0.8242444218143341,0.001541970536983934,0.15312812656119523
27340997,0.00019701113476448308,0.0011904856259164506,0.0007910623035541728,0.00034459785337458983,0.00044391651918227295,0.9484712969854631,0.041490947815529,0.0019013410350536076,0.005169340727162447
27341248,0.0004962785543030628,0.0013023741595801024,0.0016955061620750334,0.0005562879081353667,0.000440640555408568,0.1685383284439133,0.22804106637040525,0.0019423391724181583,0.5969871786737612
27341296,0.0007382157645876406,0.0060835496331004294,0.0007805047069233051,0.0010494326681156597,0.012396239233628942,0.947500264553034,0.02147621840096698,0.005357946048548676,0.004617628991094372
27341878,0.004684018900896117,0.058110192099808576,0.01603387942391152,0.4489077673262082,0.3612858560947478,0.044819767153306,0.002978087250291707,0.04612763052331544,0.01705280122751461
27342302,0.0001551144050265133,0.0007889245851200753,0.0005007822224633794,0.0002791685250541166,0.0002719502759410143,0.8939396327245923,0.09280964443206892,0.001137263265467644,0.010117519564266085
27342483,0.0002467473022263025,0.0011898211378835969,0.0011323092017554253,0.00032877894393282145,0.0003294440186717841,0.6077032266109975,0.36732555257600025,0.0026460162353602506,0.01909810397317209
27342678,0.0003124576908713781,0.0008168677371644673,0.0007613348716562087,0.0003292161061079318,0.00036243593858528597,0.9610234686445416,0.021741991355439593,0.00224646589394439,0.01240576176168916
27342880,0.00013530772487871227,0.0011306840931220787,0.0003247937638330821,0.00021590198253225153,0.0007420186978624249,0.987071038730449,0.005502865378360082,0.002538318890825663,0.002339070738136582
27342921,0.0004958516981971804,0.0013323260952342155,0.0010474536470949775,0.00042576483793822236,0.0003820040521808812,0.06416741280633058,0.04079523687116659,0.0016062023987095519,0.8897477475931478
27343006,0.0001622216022484214,0.0011607021251652102,0.00038042101647981256,0.00031570208917033914,0.0012654531685295616,0.9861542705714537,0.005212607789969367,0.0024092407596937875,0.0029393808772899526
27343023,0.0006438589623780608,0.0022353200532858703,0.004513461205421448,0.0012853690198558112,0.000517862993541258,0.707781104162868,0.014338802911855623,0.0031047803807758277,0.265579440310018
27343037,9.72932211381637e-05,0.0007079944899214198,0.000218537354029667,0.00018173084446523554,0.0004516596653650675,0.9910007636083755,0.003688027610172427,0.001754430144232065,0.0018995630623004475
27343163,0.00015491340329341698,0.0005609451062568056,0.0003971845221777868,0.00017689043914616108,0.0002056638190263163,0.9667581457317668,0.02139251547541057,0.0011073472188817216,0.009246394284040477
27343271,0.00033465585957310584,0.046464344855218095,0.0029248190710112905,0.0014351828408734155,0.0013894349280005702,0.8488191525515701,0.007585436846137407,0.00436670616014015,0.08668026688747582
27343273,0.0002955830865764197,0.0009298092313276483,0.0007648646947874949,0.0008071748181709809,0.0005510529517214474,0.9744196606905279,0.005211735546615663,0.0031946946256054907,0.01382542435466689
27343350,0.00034713966321236843,0.01820216688180031,0.0012165924126474336,0.0014908189086123814,0.0024042288547251817,0.7818174285887249,0.0037725760007918364,0.006113440995127837,0.1846356076943576
27343416,0.00027168032080134133,0.00077569616878649,0.0006507020539147847,0.00037687770178614115,0.0005128735661258936,0.9834768959059595,0.007957385676767362,0.0016580624486048105,0.004319826157253709
27343473,0.0005093642654142029,0.0002597932026997025,0.0002586482719307852,0.00015348063143275713,0.0001240252368202922,0.009464090194110843,0.9681616528668999,0.0005362385318290961,0.02053270679886242
27343813,0.0005133171379834074,0.00900375963265627,0.0021197118102263294,0.0015068830303522516,0.0009737606304580352,0.6354879376409059,0.00677289813585249,0.0043093199789241326,0.3393124120026412
27344088,0.0004212312815338379,0.009832095858441633,0.003505586782292467,0.0013104392906476891,0.00325595136172585,0.9301628801499555,0.02341716915719447,0.010055157046312269,0.01803948907189634
27344466,0.00010741749845678424,0.0005538112521475817,0.0003079619483180985,0.00025820402051713324,0.00031085642452077946,0.9823827503342539,0.012487900649598722,0.001037442577630068,0.0025536552945569627
27344470,0.0009835333755606698,0.0017125733095571236,0.0016588456335269919,0.0007339693768386594,0.0011950440908581907,0.5915871328951249,0.3888825970570734,0.004617463377911263,0.008628840883548703
27344606,0.00021965570521335578,0.003836667447649381,0.002130096039359812,0.0006852227931025681,0.0012625469980465688,0.9613738854144126,0.012352448140165093,0.007649907025462118,0.010489570436588451
27344607,0.0011234854255205934,0.002610320047589481,0.0007636567874596781,0.0005516822470669146,0.0028537939450136406,0.9767340564682363,0.005955419580599707,0.003065821529537185,0.0063417639689763335
27344727,8.592098367867044e-05,0.0003453153634046662,0.0002402904558666935,0.00014827305936414655,0.00014418243436472311,0.98992828145194,0.002773445877079845,0.001117338046131716,0.005216952328169514
27344831,0.00016357026537023195,0.0026655473509422747,0.0009979387562811246,0.0004453290287965317,0.0009867059812539557,0.9763031922512357,0.00787452874741852,0.0038701574469099395,0.006693030171791802
27344892,0.0025094154545062864,0.11162245412428486,0.03342249187424478,0.015470743092290577,0.0545488904782141,0.377408964848448,0.00819475358993243,0.08477666557915495,0.3120456209589241
27344953,0.0005806138015967517,0.019273939822041463,0.0016394422530037842,0.001977797212232187,0.0030210538660955053,0.9088401712888101,0.008185552848560098,0.037057463915953937,0.019423964991706164
27345000,0.0003400701254669954,0.0005541536844201362,0.0005373828675639423,0.0002957000526460545,0.00026910974749608794,0.9662765507068545,0.004767145736846776,0.0017315156555969126,0.025228371423108614
27345126,0.0013059306032835872,0.0010288810221360791,0.0012746231091875656,0.0007465160689231583,0.000711356294472182,0.9748301540698362,0.0021005997639570494,0.005296651309820467,0.012705287758383664
27345197,0.0008565610441761992,0.0017218545261915006,0.0007148588076369673,0.0006912463202141485,0.0010709621973906105,0.9791799461002394,0.0009455040390018165,0.004144336837371154,0.010674730127778266
27345260,0.00028376711363265465,0.00036751881929879103,0.00033005367125329483,0.00037241188394952416,0.00025034621652951744,0.9817251966032542,0.0018470333956574715,0.001654262733372798,0.013169409563051623
27345358,0.000246408614026169,0.018872957995223694,0.0014092409630757576,0.0012182265153342575,0.005073590981553768,0.9566642757471474,0.002909511068482995,0.007965432779065234,0.00564035533609074
27345381,0.0003827166465750969,0.00805902106609185,0.0023728447403549703,0.0010298632241803908,0.0013330742884218659,0.8856794109813331,0.01012016158394213,0.007553311315129247,0.08346959615397131
27345424,0.0005990955769394134,0.08038818677702424,0.0036463226401366572,0.0019975948250180236,0.03495346032716061,0.8226006443561007,0.008570820887672125,0.036256230490630044,0.010987644119318062
27345483,0.00033362657194521564,0.0006264126030965472,0.0004451602195667899,0.0003486233580175011,0.0003506077433197536,0.9777568400175386,0.0010699393755812525,0.003001229090119346,0.01606756102081486
27345484,0.00034031538363459636,0.004978083898638463,0.0022340166846966953,0.0008975865689845422,0.0014187278632365645,0.885712443896177,0.01772706836915632,0.004863465279221898,0.08182829205625393
27345491,0.000464097325729482,0.03001408461075424,0.0015039735973662314,0.0014624926785732073,0.00563115709944913,0.8665484321835095,0.006465907134006244,0.080185359068279,0.007724496302332972
27345640,0.0002868325315446243,0.001080391108821449,0.00039487335381476515,0.0005513048136428106,0.0008740583115441513,0.9861020204621075,0.0019174584099562108,0.002652726347459435,0.006140334661109126
27345805,0.0008307319518682133,0.005259985931449059,0.013128654109481042,0.0016841000657851328,0.002805053035393212,0.8980404859474727,0.035536719211050734,0.012206856463475404,0.030507413284024534
27345892,0.0006844556925556586,0.005286072890008535,0.017773831334402312,0.0010745531355892532,0.0024080493174298144,0.8961453989199566,0.019034281285143503,0.010846238546205447,0.04674711887870881
27345998,0.00020282924106357545,0.000436304348049587,0.0005836340229616352,0.00023293229957175684,0.00020869195278651467,0.9523971528938208,0.03509027214940554,0.0016049255301270743,0.009243257562213543
27346019,0.0002518478120415528,0.000527913691679864,0.0004935978473549374,0.00016646655095392486,0.00021146535613802416,0.9771619152526876,0.014544641927504657,0.0017426534990065952,0.004899498062632893
27346052,0.00017930112417383756,0.002331346448482264,0.0008793451598934181,0.0003009236883238816,0.0007634765290297362,0.9802082925030557,0.005445374757709397,0.005170281698706117,0.004721658090625751
27346053,0.00032996790265511555,0.01019537747964179,0.0028443398058360706,0.0009331045202971069,0.003808634000734945,0.9556341676060162,0.006611340957201386,0.008912329284572314,0.010730738443044964
27346187,0.0006171160235329087,0.005175148513100607,0.0028867055709444482,0.0007984210376348808,0.0034666022037151694,0.9589149318777462,0.012510758352719536,0.005790357092443158,0.009839959328163247
27346254,0.00011787180397796841,0.00030470235783469277,0.00020493727831650245,0.00013265041333046008,0.00019561204423118234,0.9872391464823699,0.008553393704002618,0.0009885124596581464,0.002263173456278689
27346306,0.00046639310701746954,0.0013659053282529966,0.0022653315133215725,0.0004230047082909916,0.0006815065372814307,0.8028450530947624,0.18031945993101622,0.0022850808224535927,0.009348264957603365
27346333,0.00016773379893562703,0.0009580781692780226,0.0003393415566108602,0.0003981668685042549,0.0007322045704038789,0.9868714798318332,0.0033519352430145407,0.0028411680805785064,0.004339891880841021
27346722,0.00010499733516314336,0.0006985116648695904,0.0003750279407671541,0.00030334167535219495,0.00031578882809491524,0.9839285388413911,0.008056979376330887,0.0013369553282117858,0.004879859009819182
27346845,0.00013144943071850864,0.0004700674576636745,0.0003935811153907106,0.00014921973587061078,0.00020147537593569927,0.9661599083328514,0.02696847220556423,0.0011906993998306388,0.004335126946174586
27346846,0.0006185914182215095,0.0006600226021822351,0.0016741949322787893,0.00043221844370769494,0.0003859805230876746,0.15317628592608054,0.833286642127834,0.003295128728934465,0.006470935297673136
27346966,0.022666217338117533,0.035947287880052955,0.011277028006249044,0.14914761182586023,0.005397201517849298,0.0645737868970972,0.00325751397922114,0.013029640654775763,0.6947037119007767
27346970,0.00015108223506258778,0.00037096803179361955,0.0007844566710863832,0.00022491764978619557,0.000134332876025309,0.949973042974071,0.022662737505279782,0.0010749602878854533,0.02462350176900949
27347343,0.0006654906566775674,0.014682548341332625,0.3197915630965022,0.018007712901622463,0.0021717855196291794,0.03482058706895513,0.0037290220731395493,0.032636369618848735,0.5734949207232926
27347412,0.0006075550903861817,0.0015934504751154098,0.0050208533246085575,0.0006305446976359655,0.0005373188187662206,0.14106709718721736,0.7368221507787571,0.003189684839659592,0.11053134478785358
27347654,0.0002575903216404413,0.0008675764845434551,0.00105679360558812,0.0003661799519633584,0.00042790385298670735,0.8651322202714455,0.04673487391982669,0.0021147957822344847,0.08304206580977118
27347921,0.0004185164994588433,0.0018856728779322774,0.001630441687207178,0.00041720615516526843,0.000350704449727244,0.3526967698556655,0.04703338046947818,0.0013459565899735344,0.5942213514153921
27347964,0.00043784187244552854,0.0007451479539297689,0.0007073496789088044,0.00029905213749222096,0.0003524453858800069,0.9443822320076637,0.031659309788082644,0.0018514183398379445,0.019565202835759497
27347976,0.0003189296252099811,0.0004458026764284093,0.0007594011576998837,0.00021651243628433622,0.00019182628002822926,0.686197154596573,0.043990766965378576,0.001410558265007084,0.2664690479973904
27348006,0.0004267839822680308,0.000973593807466739,0.001206346908797343,0.0006047738762233644,0.00047965832667628145,0.7433513168989377,0.04745778031453966,0.0028212548559788803,0.2026784910291119
27348356,0.0009725188960125498,0.006460672980427128,0.01396859894992349,0.0015529101981931563,0.003186159070678664,0.8476616225953253,0.02364559365672351,0.04624437218329667,0.056307551469419515
27348373,0.0003003602402334514,0.0008007505144432573,0.0004645612849918613,0.000646955197303029,0.0004946584237123679,0.9685020272415616,0.00655392624800165,0.0024494942017445564,0.019787266648008166
27348398,0.0002591620215736417,0.0003443637911307662,0.0005634609997289153,0.00017736728701680756,0.00016829932770920608,0.9156109468736847,0.04979788793458638,0.001496219929424372,0.031582291835145195
27348459,0.0002932691894394166,0.0009039669910640827,0.0007555038437106858,0.0006124766599412109,0.0006041182649584599,0.9475787439381538,0.010285582622978054,0.003336918794527563,0.035629419695226705
27348597,0.0004060693981330788,0.007865893447670518,0.002726843265544475,0.001152347438736427,0.0037355036860209096,0.9324099205304444,0.007092092494151763,0.030919697714874773,0.013691632024423682
27348656,0.00018503140763554836,0.00048708156684107976,0.00048484822689644544,0.0003140544245039891,0.0001829229693010794,0.9658787110068178,0.003972068041483263,0.0014623226728463293,0.02703295968367446
27348664,0.00012189751402593795,0.0004005247859016852,0.00042512719626188226,0.00016701271115174268,0.00023008235507464473,0.953290927826257,0.030498580284229828,0.0013208123694597007,0.013545034957637639
27348803,0.00015306311408351338,0.00043615062775158525,0.0006038136507571409,0.00022914418436563303,0.00016495551265024712,0.9521469434891796,0.027563435916043565,0.001200570009666524,0.017501923495502017
27349041,0.0003627612603384358,0.004154650191042252,0.0023979409929328873,0.0004987194216366808,0.0018837242228811348,0.9313547510864431,0.016340111871800917,0.018655270046918086,0.024352070906006707
27349119,0.00018607518077904956,0.0017741144958294981,0.0009364267321986273,0.00034556206539406006,0.0003616956523852104,0.8979965960965833,0.0767151285419896,0.001737706342259755,0.019946694892580826
27349303,0.0002155249649222409,0.0008947001664326258,0.0009102264740561418,0.0004900382335559592,0.0002590063185475602,0.9591549282191221,0.015471658270851322,0.0015672737918237304,0.02103664356068844
27349693,0.0005744772211241906,0.0031865138409323452,0.0011801492225634608,0.0009348760145729551,0.0006608005024330813,0.8258164426970158,0.03204310832952488,0.0030018374261429814,0.13260179474569025
27349793,0.00026385605069622725,0.002803462666737689,0.0015490205410594508,0.0005208835609625243,0.0004499199485917551,0.6556769469833027,0.027863170654225503,0.001674218221497083,0.3091985213729271
27350040,0.00015455476284069483,0.002804421629487266,0.0006260299154553702,0.00041479755557356925,0.000537022042852088,0.9542670033664836,0.005421123499310783,0.0019797396361450974,0.033795307591851495
27350057,8.500845071120688e-05,0.0004192225787187207,0.00034707703200637796,0.00028653511628996554,0.0002729751237346411,0.9885247748829046,0.002761658900059953,0.0014291484777241843,0.005873599437850322
27350203,0.000474034389323746,0.000511509000314502,0.0009668909608698103,0.0002363085036329108,0.00020607722406511004,0.8666653207356805,0.06599604449220618,0.0015664999950915919,0.06337731469881579
27350557,0.00018847754632935826,0.0019070669324717422,0.0005334129110146056,0.00043270998585535306,0.0004993564268920788,0.9636782041171194,0.020855750893227255,0.0017812680370313764,0.01012375315005892
27350594,0.0009731130892844238,0.01070442032777185,0.04348735154187774,0.00274695448840475,0.012602958185232296,0.7874142714526283,0.017334043384576215,0.06454214629441872,0.06019474123580562
27350743,0.018699424249136867,0.04308997887527888,0.014606372009743771,0.06170948356502949,0.447903083502418,0.03556833860843763,0.004170697830436029,0.31048734895795843,0.06376527240156091
27350755,0.00019602386555212325,0.001160011844460766,0.0006709407669760846,0.0004211641149009441,0.0005193354210786742,0.9627702274582248,0.026507371510071247,0.002092181070584668,0.005662743948150743
27350758,0.025724603836858897,0.11235224342123652,0.024673121362899997,0.09873273795337674,0.2600039290670426,0.1238817818548107,0.007625897415179333,0.21632965326748374,0.13067603182111137
27350768,0.002924610562723069,0.01020347643954245,0.0221585359771059,0.009055331779918215,0.005081300580260399,0.14232991470517464,0.0026913909214020147,0.03993916313955793,0.7656162758943154
27350787,0.006555803363055041,0.05469383350468125,0.023286206971619493,0.11493197714566472,0.04670092942806515,0.236983400951737,0.0033902551402421152,0.0990216903462548,0.4144359031486803
27350810,0.011349240413727877,0.08851080652619833,0.026170763228333036,0.2075009929298033,0.06502597772666578,0.259678336327829,0.005684194532459848,0.24750045469904433,0.08857923361593843
27350838,0.0023120166663456554,0.011708065983574123,0.007685962626964681,0.005539455463368713,0.004784884356404018,0.43014958292055105,0.0018862180488044482,0.029687054462059582,0.5062467594719275
27350847,0.011867265391580702,0.06634435524698362,0.011776796690750371,0.2022887288335127,0.16150331750060554,0.11839242816245399,0.0065821918231318164,0.25361062097159326,0.1676342953793879
27350855,0.0001419262667461338,0.0020471337814051815,0.0005655306631395321,0.00030238641745107704,0.0009075915100695507,0.985658209007255,0.0035347248216103925,0.0029503825597887723,0.003892114972534482
27350865,0.0002784040214713451,0.0006701534918473436,0.0007733306669519359,0.0003748666067184432,0.00031337702915795604,0.93090841538781,0.04898281040895428,0.0014854016653537208,0.016213240721735026
27350872,0.07546323004972197,0.036585592684853806,0.015864705733280794,0.21512456508878022,0.11250174459583427,0.22647696328211875,0.005649996738581331,0.22183558069522136,0.09049762113160748
27350878,0.0002591215059021723,0.0007515191024548007,0.0014662183494015566,0.00042330675037617903,0.0003638424116992747,0.9076457959195693,0.056404262272235016,0.0033784824234947817,0.029307451264866873
27350891,0.006344804668511749,0.06754539618590877,0.010873628681839463,0.3633095551792547,0.07638831431066224,0.10030546278438225,0.003963543183351121,0.3117895403012469,0.05947975470484285
27350928,0.013117210610795712,0.04659938640621468,0.0036566121961757593,0.07576492082406658,0.6765455287902993,0.025764812300524093,0.0020679399548820194,0.12013823617709293,0.036345352739949
27350986,0.002704191184195102,0.030729276726195815,0.02895626807710175,0.035791987601128075,0.02892349073604416,0.19413553106477602,0.00315932745900086,0.07362631572657995,0.6019736114249783
27350987,0.006093755917255078,0.08594739548800562,0.009700101323501423,0.21685608103926884,0.23736180075087218,0.07696620735348222,0.003708116231041054,0.1812223148753131,0.18214422702126046
27350993,0.008443434072999604,0.06522175658615632,0.01737774378577791,0.126089044181871,0.08022570466985197,0.09555908763681745,0.004344336507327977,0.23077969959877462,0.37195919296042323
27350996,0.007412269110070207,0.0779222270433231,0.007829465685500414,0.23540907527413268,0.1762533262247958,0.029527125657570957,0.0037904219628131647,0.33499913424256467,0.12685695479922907
27351001,0.00016487592740281457,0.00026582375540697584,0.0003504091873557744,0.00011804328746775664,0.0001235300455662861,0.9432029127629442,0.0418650616249994,0.0009120121921221922,0.012997331216734609
27351003,0.012819928427009401,0.07062138919538224,0.010143144608384854,0.12999805193953143,0.1527628320291985,0.06566101159670068,0.00489975057484222,0.33772780947455466,0.21536608215439607
27351032,0.0025178992449768228,0.013905693170212919,0.005045986134427892,0.015044063766036227,0.005544691171362385,0.2556996913296821,0.002613599424104573,0.05994600318537115,0.639682372573826
27351086,0.0001395428567094465,0.0003924217275726759,0.00020626033177763005,0.00018047782006897918,0.00025651589096793736,0.992028763766623,0.003959126615365776,0.0009471452142013639,0.0018897457767132785
27351124,0.02093892749036421,0.07384225328619143,0.011160808144485718,0.23676496634097022,0.30525002237968324,0.07427077092690015,0.005714120633917114,0.18000283250888552,0.09205529828860244
27351169,0.010080174188169389,0.08807059257709378,0.018473469047742004,0.2076205085701292,0.17710116009236138,0.1496455386773129,0.006398692103687804,0.2075887311238013,0.13502113361970222
27351230,0.0011910737231137422,0.012467152629130436,0.017672688797857758,0.020469841674650876,0.007537135707974805,0.39116655522729954,0.0027637368356626195,0.024002048660887502,0.5227297667434226
27351231,0.0003282803968333712,0.000612930097430781,0.0006101294793208408,0.00029629294561282386,0.0003016240830686762,0.9838453539130083,0.005850537443838496,0.0036346288660694566,0.0045202227748171704
27351249,0.00016523908962085132,0.0011148827581389774,0.0009588091859436703,0.0002709665902075331,0.00025792205061099093,0.9675509962071627,0.008532934414843655,0.001579929737437343,0.019568319966034167
27351764,0.0007060663572334611,0.001214395597256734,0.0008421670400536083,0.00046238556548440545,0.0008944305619706077,0.9460418782630612,0.03982956505997419,0.00331910861719406,0.006690002937771842
27351811,0.0008451029108171651,0.008835490885491884,0.013291700710659765,0.019917352177648975,0.010019741865891723,0.3571686814717746,0.005180507334384828,0.0229466208062211,0.5617948018371102
27351828,0.00029825468924459306,0.0011334722883477423,0.000493836024218374,0.00034221333555537874,0.001012751711941026,0.9824510152407302,0.010088748408234994,0.0020317199064179853,0.002147988395309576
27352074,0.0003277031447287325,0.0011775836890318217,0.0029523750881881037,0.0005668882732244065,0.0001862458273897326,0.029328510307973267,0.02152253311457755,0.002367132057595445,0.9415710284972909
27352253,0.0020403811840272222,0.0005812648123872992,0.0013414519577950165,0.00036683828492753624,0.000278641265813741,0.8681641710183207,0.09598638778663282,0.002611225319655291,0.02862963837044056
27352389,0.0004024248296659819,0.004514539623895543,0.0016949664345995215,0.0012852008029789553,0.0006689700517792181,0.9529282429459385,0.0067362310865791974,0.004959420795247607,0.02681000342931535
27352590,0.0003403602365619043,0.004381505716831787,0.0013278549219298307,0.0009624701036806796,0.0008623387064983077,0.667259436056224,0.04481558121910711,0.0027199748842121133,0.2773304781549542
27352645,0.00035673373869306936,0.0013747653727347916,0.000952423337621409,0.0004984853101948674,0.00034120030681364995,0.7078313568137594,0.25690789432076133,0.0015321690196336806,0.030204971779787735
27352657,0.0005574680831272594,0.001212567543800634,0.0008950387771089391,0.0012429070059574673,0.0008362298563644097,0.9660573692063852,0.0029864019223685306,0.004174292038763124,0.02203772556612443
27352709,0.0007645664384500564,0.005313859775842666,0.0012743791654190593,0.000612160587539268,0.0009296216948932336,0.8719424536325238,0.039460422811948434,0.0021257526265346612,0.07757678326684882
27352883,0.00036614557558805564,0.000517380638756651,0.0009050665661129271,0.0002414305693414789,0.00023684878626664007,0.8216414644365784,0.15447023964204842,0.0010321324333902489,0.02058929135191714
27352929,0.00016904683284311905,0.001923495517599665,0.0007894883482976094,0.00028062300265003403,0.0003345387732837226,0.9154375421571623,0.013954528719844924,0.001449910686314193,0.0656608259620044
27353024,0.0003598346081027584,0.001351995586910358,0.0010825912724672197,0.0004848665327799991,0.0004802281490209783,0.8746438489082153,0.07491414677312414,0.002237387343025087,0.044445100826354195
27353174,0.0001443045416579179,0.0006639886554552633,0.0005303876080545122,0.00021071741915724127,0.00018097214470881077,0.9706030941940365,0.017506256374782495,0.0019718715002405474,0.008188407561906677
27353325,0.00016074973003877714,0.0008055317623224845,0.000444067266632045,0.0002272998640358771,0.0002793829186543705,0.9791763871986634,0.01279261645077673,0.0028698553533233464,0.003244109455552843
27353511,0.00024360273604221035,0.0007707346302306175,0.0009746245904105194,0.00040722984591109665,0.00031257768083195405,0.9395499966880373,0.029491913698688088,0.0029100561911357993,0.025339263938712515
27353521,0.00014771432015159324,0.00034425800733432993,0.0003024990679964107,0.00018041278556644552,0.00022477989764605933,0.9785795036597753,0.013733420550302073,0.0010485955576996732,0.005438816153527989
27353696,0.0002615141325938234,0.000864593166720612,0.0010923230919917266,0.0007007736532765145,0.0006086684885259387,0.9357663208380295,0.04010865653367253,0.0023690595161865143,0.018228090579002928
27353737,0.0003244018583832801,0.0003398069999215927,0.0006023604840180701,0.0002167205483571015,0.0002189535898193363,0.9556558903567112,0.022417058944948956,0.0019614078225151086,0.018263399395325144
27354125,0.00017022842334396839,0.0006168231412967729,0.00039906899310029214,0.000306657719271048,0.00040035380352867024,0.9643516240714799,0.02757408014642036,0.0013904228988483236,0.004790740802710779
27354711,0.00024258528183331078,0.00026785386531578205,0.00020120743919584068,0.00014327155132074895,0.00018951715369008195,0.9872368799923242,0.007616311934306825,0.0010237407473465347,0.003078632034666654
27355082,0.011270696393147171,0.07290040792792503,0.03133584030358951,0.054186788412038465,0.2457726363608475,0.1356317496612711,0.0049102096885093064,0.16279240077501317,0.28119927047765875
27355166,0.003151552229973426,0.006679948254381487,0.011584477487144678,0.007295509515014586,0.00631834201028664,0.24019696672704438,0.001973735793548116,0.02531815452243746,0.6974813134601694
27355185,0.00019970447903335008,0.009074597457546893,0.0011676294382901946,0.0010782649914483065,0.004886000256819401,0.9629852007406824,0.003256947666990576,0.014219926779023817,0.0031317281901651534
27355495,0.0003358539254269759,0.0050820181135954896,0.0038317211540241083,0.0007997610757214305,0.0012903328945821806,0.9337685681020609,0.01022622750553136,0.022861308390974812,0.02180420883808281
27355503,0.00021095306420417157,0.00645046127160494,0.0008408944999542251,0.0006128211293622521,0.006424047006658122,0.9655209842733882,0.00638344611599102,0.010416140985095707,0.0031402516537414804
27355642,0.0020983334499815143,0.07089849510689222,0.021691667339849934,0.05779062968613886,0.04275985615973439,0.7313338379439969,0.005372946868056782,0.05069950664857562,0.017354726796773867
27355644,0.0001500359682051957,0.0012977880600038149,0.000698269284247699,0.0006196523286047242,0.0006393934650592597,0.981208930409225,0.003927721756384591,0.0036622082930281466,0.007796000435241599
27355774,0.0036138086206522575,0.024192032515349557,0.010103205941594239,0.6189709463518336,0.015029379053844445,0.017989160974098355,0.0017781509867419005,0.011399682170835394,0.29692363338505035
27355776,0.002848203937301867,0.01460781040772862,0.008461553913605523,0.4844899630564663,0.006610662837449176,0.01419146763941962,0.0011412954550912165,0.006987922133407057,0.4606611206195306
27355820,0.0011159171114871506,0.019998631647777845,0.005981179562605531,0.23689002301831705,0.007076478588921491,0.02225144624581946,0.0015974763841817288,0.00778951719302619,0.6972993302478637
27355950,0.00037923869039921724,0.0023314166973887897,0.011454772262348097,0.006724449842889529,0.0005892446047335975,0.007115544751977963,0.0017050297009711436,0.006260910523902721,0.9634393929253889
27356033,0.0003354265397878701,0.0008974690177556079,0.0005175328999995198,0.0005680269896317281,0.0007336918555266764,0.96998568866768,0.010231608426474987,0.0024053513534131607,0.014325204249730652
27357496,0.00040312597537610145,0.002721705332837919,0.019758619041545886,0.0041532551488464966,0.0006409663929071084,0.9341659331819141,0.006830940750290641,0.005104918646979133,0.02622053552930255
27357719,0.0004062053724314154,0.0006771527444413885,0.0009382075883654459,0.00023223171140236443,0.00021137801255406195,0.02135645095513076,0.4868866061775502,0.001068141008893482,0.488223626429231
27358020,0.0005717031055963454,0.005010715889421867,0.005700620488333401,0.0008353188976271176,0.0017385367206371476,0.920274469079926,0.007123865276571257,0.0290434724833829,0.029701298058503914
27358802,0.001978622238530191,0.02591424662013641,0.014442129232756265,0.08115810212904037,0.00803180823182092,0.1303713089723374,0.003811156985614982,0.045533659689201346,0.6887589659005621
27359760,0.0006312681492450536,0.003983193886991974,0.0033215880166923145,0.0010391577384523142,0.0014348357111467031,0.7104860286237202,0.19253461306080866,0.07521808773003734,0.011351227082905403
27360515,0.00018566772981445977,0.0009287813061392487,0.0003759073821711631,0.0002672044416983279,0.0004112504420336756,0.9464319210614017,0.04219992898568869,0.0012025584398708997,0.00799678021118182
27360764,8.549472571446291e-05,0.0007713297468396631,0.0005784943417911483,0.000254220792909177,0.00034820263621885064,0.9932767896706102,0.0015168681067671645,0.001722164612061985,0.0014464353670873454
27361157,0.002430986757782065,0.010487213638060695,0.005516767402449358,0.010115823786093088,0.0050617983587205985,0.05760799197302133,0.0020214213820178885,0.02968536594408685,0.8770726307577681
27361357,0.00016242299005723293,0.0033236330469209024,0.000530808895389906,0.0005752517615739234,0.0015271220014457653,0.9815815487073315,0.002012478825842188,0.00553699904955818,0.004749734721880459
27361482,0.0004312304744200286,0.0014301562185071788,0.0019071649393240225,0.0012060640407032307,0.0017440781937300088,0.9791334256619607,0.00402554425742399,0.006074266222255615,0.004048069991675274
27361590,0.0002530052333014036,0.0011470756304990085,0.0011104946827812767,0.0002949570003576163,0.0002993982782502611,0.6301802028047264,0.013547675878302058,0.0016185322841013221,0.35154865820768066
27361810,0.0002949632707832969,0.0034394396886836855,0.0007058631889506695,0.00036834912745729685,0.0004207885039997477,0.8334647848221245,0.109574465983351,0.0011279946248886775,0.05060335078976114
27361941,0.00026907163732698677,0.0024106466657211546,0.0008780834623276114,0.0003924463369492035,0.00034456321811360936,0.8037262892638382,0.04731047844579121,0.0013649907351678506,0.14330343023476433
27362201,0.00021195101297589503,0.0029980607600354147,0.0004844823849144066,0.0002892374303998595,0.00037047209882119585,0.9350139170992612,0.0491016228731077,0.0013256265994119251,0.01020462974107238
27362875,0.00023795323261701303,0.0026320983022031013,0.0010636075555257873,0.000329123339341067,0.0005149418612309986,0.9644835675081714,0.018053773544353734,0.006655419971407858,0.006029514685148901
27362965,0.00074810040684652,0.023389661935629278,0.002509723267451159,0.0012101091137579822,0.004082357300720824,0.22845448680677086,0.0325454556433492,0.005061920428418771,0.7019981850970554
27363017,0.00034511028119655284,0.0007221019402254746,0.0005510808343293378,0.0004799456467153192,0.0005601645348888985,0.9852001323727678,0.007896225437713457,0.001507278453748555,0.0027379604984146162
27363023,0.0003553233571481835,0.0007242748186666872,0.0005348427023341008,0.0005831749934936016,0.000550433665575632,0.9883012986319966,0.002436818575630721,0.002170094688913162,0.00434373856624124
27363377,0.00027759988738073585,0.0010211624236525778,0.0006968567691680186,0.00043203456056609813,0.0004613599479198113,0.9127003890599642,0.07518880796809639,0.002488521378591761,0.006733268004660262
27363492,0.0002139419643175282,0.008800725451722034,0.000925625432742115,0.00047654127447532986,0.001222656601092281,0.9760319756924978,0.003470006900812841,0.0042111385175045,0.004647388164835593
27363680,0.0003237711950948931,0.0009534382423015625,0.0013169935067131335,0.00043184430296174,0.00040009751541977145,0.8508216566582638,0.1097416830828678,0.002357883636545261,0.033652631859831944
27363791,0.0003669317294743827,0.0006388736191123447,0.0008859220728237734,0.0003676772514956532,0.0004903104430294622,0.34012155535681327,0.6510953138649541,0.002349825741074294,0.003683589921222818
27363835,0.000310244930503605,0.010577222377211475,0.001931078936995533,0.001571378560039851,0.0021829480474802807,0.9751502304005536,0.0021400100060374435,0.003524744293303842,0.002612142447874312
27363903,0.00048636252212536015,0.0009223534254000492,0.0006726906328110698,0.00035453927849341514,0.00047540939587739926,0.8266004307130168,0.16473310848848904,0.0015077374918364339,0.004247368051950494
27363991,0.0004954508701340617,0.0018831389774595275,0.00335592261373732,0.001006410607020764,0.0007179056669747923,0.7757032937033945,0.1590045022239481,0.008545942238362265,0.049287433098968624
27364347,6.330252822051057e-05,0.0010170842104104995,0.0002501474319848876,0.0001971336495788749,0.0003541803339975535,0.9930951271096324,0.001601172694227069,0.0017497383517696965,0.0016721136901784116
27364537,5.7963261751898755e-05,0.0006933717475677807,0.00014938039770381518,0.00010751766280065963,0.00024619767692300287,0.9943623207850749,0.0018575553133192047,0.0014733758067632002,0.0010523173480953814
27364819,0.00020102936712825692,0.0003904035884488363,0.0002624886469271815,0.00023911704823674433,0.00027274862380574264,0.9903590252534451,0.0036397172409063042,0.0014277306402972136,0.0032077395908045713
27365033,0.003348267408943317,0.05495464663032331,0.005039965115999211,0.05002788620323073,0.4488669769149214,0.04371678654544831,0.003675264760855948,0.3586995030081728,0.03167070341210504
27365250,0.00030758352889373436,0.0005902161540568036,0.00047834025513784445,0.0003348206905718342,0.000358911107177201,0.990165743394486,0.0030861710619217012,0.0017754799814098787,0.0029027338263449133
27365552,0.0006442279960067,0.002712537551063532,0.0006371581105131065,0.0009094881143692945,0.0009984620454589995,0.9728634340302356,0.0011721022550200263,0.009164766823578268,0.010897823073754597
27366111,0.0003538302244184271,0.0004489251890254582,0.0009804381100872442,0.0002838086437437244,0.000194405619892808,0.019433080746013,0.972639986379972,0.0008971742347983855,0.004768350852048988
27366386,0.0004709302490286078,0.0029667034304457925,0.002585829989879343,0.0004896797605322508,0.0004033411458433105,0.3119298284827157,0.11267279331916495,0.0020348524632669506,0.5664460411591231
27366507,0.0005025528292982029,0.0014116037703872835,0.0015485345978235357,0.0003452010202752186,0.00053943311207151,0.6594842532578293,0.28227960726005347,0.0041520084713180215,0.04973680568094346
27366966,0.007055172847135917,0.0050979097653652905,0.0043751679353868506,0.006588782013857755,0.015126579425981394,0.9079828931670281,0.0018852914224115505,0.04105560739965273,0.01083259602318054
27367127,0.00043070578592709785,0.0053573461871542,0.015053664234814164,0.0011931238977725767,0.002006189991934689,0.9217478839301051,0.011132658119527412,0.015785628017642616,0.027292799835122217
27367178,0.004626211695184366,0.006081354572537279,0.001383052044839861,0.0012012293255912337,0.007499719964536091,0.9501822273791978,0.0017699596746135855,0.01866147585814718,0.008594769485352451
27367188,0.00248443575259671,0.06843329236329719,0.012191374301211465,0.005088860071000369,0.014540690879039333,0.7782761532550082,0.004816280624047514,0.04559198497839569,0.0685769277754036
27367228,0.00022554535629731377,0.0005883295817104484,0.00045940859432876704,0.0003380399121701461,0.00039550051979707676,0.9821624926759336,0.005002135156356273,0.0016817212609147468,0.00914682694249176
27367284,0.0014046533640235902,0.0026464109485534286,0.0027938899317519494,0.0028767011134230897,0.002397966124362114,0.93382032501542,0.0013900269799117487,0.01844351671431025,0.03422650980824398
27367352,0.0010313092531857027,0.0034489679878434735,0.0025001429784919636,0.0031128859815936927,0.004151646105035501,0.9506570091596249,0.0012197619946173015,0.01362610367566196,0.02025217286394542
27367406,0.0019661444389285727,0.005553170320128184,0.0013106500815624777,0.0010800149724336195,0.008897173267003839,0.9641966343020125,0.0017921801750197754,0.009686016149983193,0.005518016292927697
27367412,0.0005044381706230127,0.0006714018027814885,0.0014920756328428732,0.00028531085611341865,0.0001674449710255393,0.08488726157705477,0.15528187905444932,0.0014578479932893106,0.7552523399418202
27367429,0.00046019469050408444,0.0012973322654330477,0.0006540190894013995,0.0010480671436719259,0.0007882773119389396,0.9361578414063512,0.00150886146457927,0.005180652287131586,0.05290475434098865
27367566,0.0005391625956407683,0.03265100449914815,0.005710654915830816,0.0024041880109995878,0.005330635652016701,0.8063231797034592,0.00529824785991503,0.006899702715303205,0.13484322404768656
27367614,0.0011887030932715673,0.0022321487357960636,0.002689736555808761,0.0031904685539983274,0.0027555514671701114,0.938046286616249,0.001812457267188156,0.011060759852869863,0.03702388785764804
27367674,0.0003278354824519969,0.0007843430860881541,0.0005590479301936776,0.00037057446191827493,0.0005223247023177453,0.9776031792746178,0.008089440129276327,0.002279892225577221,0.009463362707558742
27367750,0.00024320350763056507,0.0012583620781766154,0.0008452296341270687,0.0006176718955336925,0.0008296182716216619,0.9829503852517472,0.0028443335604198335,0.0037071518126867266,0.0067040439880566086
27368203,0.00019746027714528564,0.0009900330066401665,0.0003290046290155873,0.00025963212498996113,0.0006401879221178289,0.9874957897067443,0.006471400325165248,0.001433709432386426,0.0021827825757951237
27368824,0.00035512380229059425,0.000588293698122669,0.0006537745153498282,0.0007583345844100225,0.0004907685736560897,0.9682178461183539,0.006234647315304967,0.0016538207394807154,0.021047390653031156
27368825,0.00022420434842485018,0.0004233097227286973,0.00024400632477641793,0.00017577166746045775,0.00022832854748810257,0.9846379129250682,0.004453193079600223,0.0012544446760466715,0.008358828708406289
27368872,0.0004815155956071614,0.0030288792531340545,0.005306288461343172,0.00070185024035517,0.0005339256936318896,0.8473330402166162,0.06539654087710736,0.0057183385578307025,0.07149962110437444
27368884,0.00037703215707617755,0.000853703609331907,0.0007461985144030003,0.0006861972171742923,0.000646307494119909,0.9660461329828913,0.014407077525559472,0.0017748448734768844,0.014462505625967067
27369018,0.0005647752082255494,0.0016975018613556395,0.001739693271555103,0.0025527835301417242,0.0012483712407949333,0.9599725268214604,0.0017292913365475017,0.0036147053772101,0.026880351352709105
27369072,0.0004975636002302227,0.0009569702029550613,0.0010793566999996557,0.0012756458644440733,0.0005371932518057991,0.9643619128400357,0.0011970423887683282,0.004038892144531749,0.026055423007229347
27369084,0.0006275500015713455,0.0010074307894080794,0.0008966185098745903,0.0006370354814061544,0.000487074137466786,0.8739956818379732,0.007268409824437812,0.0025560879924556076,0.11252411142540628
27369294,0.0018380899040143612,0.00501983310946596,0.006427735918335894,0.018565988873892134,0.0031774616830734636,0.8133770723367643,0.00379256859878626,0.014052296461157725,0.13374895311450988
27369367,0.0006765246510410145,0.001979913722365715,0.002092917346467158,0.0011636903092576319,0.0005261135446576532,0.8806239086905286,0.013295837418083985,0.00608456037592425,0.09355653394167389
27369384,0.0003767108908401083,0.001054783076314025,0.0008183106493794331,0.0007271981478887086,0.0006262721661426741,0.9492379843393386,0.0026028113291104646,0.0039945555766090456,0.04056137382437702
27369473,0.0003258145193579688,0.000717853912558238,0.00057504385466911,0.00045736318758333967,0.0004180162410776095,0.9640689757441895,0.002663496053512535,0.00264999107523465,0.028123445411817053
27369484,0.0004737267600673532,0.0027634155852300853,0.0009684687635168065,0.0007662467475757584,0.0009627614838632736,0.924583209249493,0.0216074222052176,0.0022135642600061554,0.045661184945029853
27369510,0.0003455278532696103,0.0007688357468501497,0.000554882791092931,0.0003321183693130939,0.00035023190620348703,0.963875029684584,0.0028268742952233315,0.003058876635995541,0.0278876227174679
27369542,0.0002933129532153345,0.0009774355131415189,0.000702116574701632,0.0005050600640599273,0.00029151220126573954,0.9704045884492065,0.004185921181336671,0.003424664017017415,0.019215389046055232
27369740,0.00047051812628201345,0.0007645563607741218,0.000617971733057956,0.0006905158845438989,0.0005765394057096192,0.962424701660623,0.00398120311938078,0.003092506422465034,0.02738148728716356
27369907,0.00025655276994971825,0.000459098525541363,0.0005595685196523013,0.000369077587849006,0.00020726960321917114,0.8821942393327297,0.0022385411324404585,0.0018936379312816634,0.1118220145973367
27369950,0.00024697604891415033,0.0005365434451003778,0.0004236331135445204,0.0002763874489897652,0.0003058839313539477,0.9678770219023903,0.007936987436681852,0.0023541869900293336,0.02004237968299571
27370005,0.0005284126768131148,0.0005678044143104799,0.0004843422120653127,0.00023549952773508715,0.0003464269384280506,0.9654320831806178,0.009867949741021242,0.002364000067632757,0.020173481241376124
27370052,0.00016957059138828298,0.00031562541421894326,0.0004536827611823878,0.00016570922913805022,0.00017608180382545896,0.9718151237911581,0.013174478660815305,0.001788194403000051,0.011941533345273363
27370070,0.00021631435846712564,0.0006119549338093918,0.0005286117260047739,0.0002680601174624085,0.00023353116887465342,0.9700969582082053,0.0031479736360877993,0.0026417061451831474,0.022254889705905428
27370308,0.00021260670960654318,0.0006081938381560063,0.00047481056463378996,0.0003903558825381356,0.0003875428702124622,0.9615715658810828,0.008985917090522641,0.0017689185815039643,0.02560008858174361
27370697,0.0005088439502623826,0.002111941026712906,0.0012019157430060365,0.0007887614640305296,0.0004584858224394112,0.49788520215803816,0.2865454465307489,0.001850452659797006,0.20864895064496464
27370787,0.0008004622165463354,0.0007133316273406985,0.0008071652064639793,0.0003697299364878311,0.0003280690035594063,0.8696451873083755,0.11130223921623156,0.0018439992088671497,0.014189816276127523
27370965,0.000603499012606622,0.0006702065306845447,0.0013847573939534223,0.0004081100555989001,0.00029415394194482863,0.8135805386521668,0.15476587057861463,0.0025124504792606844,0.02578041335516956
27371182,0.00020308098512786154,0.0005599616669172334,0.0005451101917445891,0.00019116210066199101,0.00016414787126348002,0.9319187440236189,0.027097198380041484,0.0009446002796790792,0.038375994500945435
27371273,0.0004102192994922306,0.0019939690579576777,0.0007073840118353875,0.000540750699886581,0.0005357991592838629,0.906938619935666,0.060619271808600744,0.0016266825549257323,0.026627303472351732
27371457,0.00036093312204356023,0.000871012429377816,0.0009618566477531392,0.00034333447183756814,0.00027134000110969894,0.9170021608895647,0.020145105260659792,0.0012242904104620832,0.05881996676719159
27371771,0.0001819506537069488,0.0007221850071515789,0.000602168882477502,0.0003149503443559114,0.00027130063112225654,0.9471266320062065,0.002852413673337604,0.0019006723507439334,0.04602772645089772
27371882,0.0002993527939148254,0.0008724041391744663,0.0014754911247786405,0.0003285549327891417,0.00028567718306185026,0.7494367467953832,0.1914788042094005,0.0017028452517367908,0.05412012356976076
27372009,0.0024714748597991416,0.013147827533473967,0.007640353897692872,0.00648353462268222,0.0013097455940300712,0.09283742218881576,0.0068271354613567885,0.008844072881951768,0.8604384329601973
27372036,0.00025970223608825984,0.0006099529472142594,0.0005409196658189071,0.00045675942410750687,0.0003434974606003159,0.9752802556859582,0.002316731665857174,0.0016129927025784088,0.01857918821177687
27372357,0.0007419577470050053,0.0024246510785265376,0.0010796763048065647,0.0006756497771981524,0.001001979222908246,0.8297182807679634,0.09936832003123525,0.0018915661528816391,0.0630979189174751
27372387,0.00040233776371184426,0.0011458836220439334,0.0005784288548282325,0.0005654906158632366,0.0006287014761387965,0.9871217260416771,0.004194985170322888,0.0019490791640844952,0.0034133672913293617
27372467,0.0038399474857702476,0.008693027653066942,0.0024403718561719504,0.0013177027292959793,0.0006463855945348727,0.2621704259811734,0.01612422958478141,0.006696560050161829,0.6980713490650434
27372709,0.0042986548596571405,0.004998442811554893,0.00455563650005789,0.0019906801757759965,0.001029201446437984,0.6931842745873329,0.01536253868661427,0.007283629575301649,0.2672969413572673
27372849,0.00028436103198840987,0.0006556657529519165,0.0005940497941199691,0.000308392901084858,0.00031549007326272946,0.9848226302871668,0.006320278898773232,0.0020618833903684685,0.0046372478702835975
27372878,0.00034672853633645954,0.000575349472078728,0.0013973174764946687,0.00025538821509675497,0.00019673542872300845,0.9017101745719893,0.07018688279418803,0.0019183452240957553,0.02341307828099732
27372953,0.00035670787687762867,0.0019174867058875948,0.000591480526333253,0.0004344972621814921,0.000519929154054978,0.9525324551108285,0.001378662561750449,0.0040611383844317795,0.038207642417654376
27372963,0.0002368431124959457,0.0004416351100609155,0.0006604594216592769,0.00018867149629294498,0.00017264470099868112,0.9312450937558041,0.04258688120035363,0.0009333288607023616,0.023534442341632062
27373251,0.0001749408110253536,0.00046904827814975904,0.0005842466264777013,0.00022270005159180574,0.00022593325321117015,0.9748591839021892,0.017723586760657425,0.0013405675628826723,0.004399792753815002
27373586,0.00026340721972216424,0.0011764492790119177,0.0005243226265461691,0.0004261891217562233,0.0004193540348676267,0.9796841586526842,0.004499061273569708,0.0017280385311345345,0.011279019260707462
27374362,0.00023566861069401383,0.0008122056876941306,0.0008226084927392281,0.0003161361392264753,0.0002601732285927113,0.9660525321068538,0.015980640091371227,0.0015875426058051425,0.013932493037023323
27374805,0.0005621033325459391,0.0005685321249420428,0.001195821293148421,0.0004010547445345716,0.00024706884703481964,0.018715297275005007,0.023034503275058328,0.0014485933828813527,0.9538270257248495
27375784,0.0004892970937588954,0.0020328867013314493,0.004659185636087592,0.0008703530556847864,0.0006371354451243578,0.7936237529606458,0.1278040888421085,0.00887880753234689,0.06100449273291178
27376400,0.0002592746076773629,0.006024968132504833,0.0024915654269143696,0.0005657909420682621,0.0008613428885241968,0.8511646994275299,0.006051237031712359,0.003247025019313319,0.12933409652375535
27376981,0.0014204759534978632,0.0007913770983935487,0.002325676563835771,0.0003814937076937008,0.00023562581032025552,0.3995507243221846,0.013087731543873238,0.003820512588238929,0.5783863824119622
27377219,0.000887469791494607,0.0015715965317768203,0.000960914930700087,0.0006596560804304848,0.000699274106634586,0.974889921390534,0.002574293985350889,0.004824675545592896,0.012932197637485739
27377360,0.00019786673678883707,0.0007966073697642904,0.0003764866535220902,0.0003622160901875002,0.0005233296057664301,0.9830617075450264,0.0065733890133370665,0.0016609176094229486,0.006447479376184456
27377477,0.001163983265729479,0.0020296294447924683,0.000833423738997403,0.0004950095558339,0.0011180930568706318,0.9696837503051898,0.0025334324421019535,0.006733264720627623,0.015409413469856668
27377812,0.0003202572591088595,0.0005507727121745296,0.0005799468505319134,0.00018393377130728988,0.00018631807341283724,0.9562448833048298,0.025701416909612692,0.0012118439989326482,0.015020627120089437
27377895,0.0011435355230920386,0.0007760051076910438,0.0015708270374886822,0.0004843050678062239,0.0005558559252839232,0.711670573260608,0.2643570820779959,0.003128357888817114,0.016313458111216837
27377938,0.00023179866074771988,0.0005822865445539937,0.0005386293730603855,0.00021017831588432718,0.00025633799231560976,0.9321300451551587,0.05524291018719094,0.0009771491438742108,0.009830664627214214
27377964,0.0010909740882144498,0.019957051965749747,0.0022670244487878167,0.0022783927096411945,0.008947602231932035,0.8718512183814265,0.0057101661097051035,0.009859644997463625,0.07803792506707946
27378135,0.00044070065303216565,0.0015696755821388193,0.0008756463252320939,0.0006149878822522625,0.0007018404384270606,0.9366152294228293,0.008592590638159646,0.0029312155260017634,0.047658113531927
27378200,0.000774177811573079,0.07214692678038302,0.00492134657173661,0.0019045089567101537,0.014074400114015504,0.7389165627545075,0.006614938311477424,0.13959890564849814,0.021048233051098663
27378316,0.00011285455487041295,0.0015409157592809635,0.0004255612179666274,0.00025610852317198296,0.0003183599542403943,0.9902596135218565,0.0026145487197143124,0.0014949115885161234,0.0029771261603827996
27378420,0.00035462352306243243,0.0011037720472630477,0.0013089137188748005,0.0005647750242824218,0.00037133571809201606,0.5637835334510953,0.02192628038461942,0.002760730269939281,0.4078260358627713
27378502,0.0009457893112866299,0.029021838619904573,0.0031761574840835994,0.009371697142149131,0.8727432585170692,0.007927969197928129,0.0012048965196585473,0.07193366499665307,0.003674728211267128
27378503,0.00045150008077859374,0.0010968238731329436,0.0008665616363511805,0.0005461098146120369,0.0004521589601530791,0.9192300493397892,0.048853625878787985,0.0014811304114786315,0.027022040004916283
27378642,0.0007738940957267756,0.0032735431182930068,0.010076640227400636,0.006275116641650063,0.001051829617461122,0.9480174806665669,0.00432260010917513,0.006622732222019287,0.01958616330170721
27378789,0.0007486282444928089,0.002339199843615974,0.0014491304981722904,0.0008013327845933587,0.001300673853311943,0.9774355950882836,0.0035211493896798907,0.00321894516143416,0.009185345136415892
27378854,0.0014385394312249982,0.005221173416447538,0.003081875037170429,0.0034904706445430286,0.003330167430150039,0.9578982259070213,0.0020013106188736425,0.006986383226871413,0.016551854287697582
27378974,0.0002543672741623372,0.0007842615837555009,0.0010113483808944965,0.00042828771610141424,0.00028997229119776647,0.9752286272152252,0.005477300643087327,0.0018824250332106314,0.014643409862365375
27379077,0.0002798579697701485,0.0017541674937752336,0.0012436602610758469,0.0005069489396566483,0.0005899070863866694,0.983200350779664,0.0029278335310303927,0.002689280682788662,0.00680799325585237
27379228,0.00030938141844128527,0.0017858255514675084,0.0021262402015768747,0.0011026602135512352,0.0005615688546807909,0.9771327421138413,0.002237286586819336,0.004251332505970844,0.01049296255365076
27379256,0.004316768286909066,0.1405638886816788,0.008148078197657083,0.01902613840357139,0.4365345498141831,0.13574978267120397,0.004092733465559651,0.19012478090808305,0.06144327957115382
27379305,0.0003331945754979853,0.0016290185774155328,0.0008084575258448304,0.0004725442382605339,0.0006213180313448364,0.9689119855887312,0.01631024529834121,0.0012566791895986809,0.009656556974965215
27379676,0.00036156106572062517,0.0017593870763329207,0.004349757808097896,0.001501983465643561,0.00044995777403984076,0.4622017829188275,0.0056424827140877645,0.005079804354076149,0.5186532828231738
27380172,0.0017376160729485125,0.14965947986520758,0.007601137429849728,0.01725894428971158,0.4933799560254487,0.296500894583069,0.0031935723939142072,0.019021660611212906,0.011646738728637682
27380754,0.0004457732224415701,0.0020496806609331814,0.002156607227346441,0.00033572033153598185,0.001395613379897427,0.8763601952375694,0.08940348893776395,0.008017289266747597,0.01983563173576449
27381012,0.0018148081232468708,0.013507500098563873,0.030676874504385318,0.04908211027934913,0.007498338822915623,0.3101751900510305,0.006519833722868766,0.03958362188577049,0.5411417225118695
27381985,0.00023279117119255749,0.0010182792542326705,0.0009163416245305426,0.0002497750814409589,0.0002924137228019408,0.875295906109955,0.11761191748988212,0.0008576446316021136,0.0035249309143620426
27382085,0.00017515664721779546,0.0018645034389115423,0.0008850744623103425,0.00025888808836324167,0.0005356782137411866,0.9749605964839838,0.011986680798752211,0.003591160344606068,0.0057422615221136
27382536,7.133479164599122e-05,0.000636593996941584,0.0006071851875753382,0.00017953710391404638,0.0002309236897184335,0.99083349797104,0.002124878150975355,0.0011041496847213764,0.0042118994234678535
27382956,8.77501681014704e-05,0.0004810315424250366,0.00025020018098235455,9.679237318999515e-05,0.00019469190213877163,0.9929120725140874,0.003677418422208586,0.0008110310441460932,0.0014890118527199935
27382957,0.00023267251602717882,0.00021763581598752992,0.0005121612185071702,0.00013057562297955213,0.00013441462447372272,0.017093094727889818,0.9653726015053198,0.0005982780730529628,0.015708565895762423
27383026,0.0003597468917950844,0.003434220413255368,0.0035459878167245257,0.0011016001657196703,0.0015658044693873054,0.9727100747767249,0.0053634599456743705,0.0049320222265885226,0.006987083294130229
27383801,0.0002119391118652825,0.012766382695683132,0.0010194926473296295,0.0008897988538029545,0.002393591590442679,0.9740455897142927,0.002542647976424231,0.003752464781608529,0.0023780926285509665
27383815,0.0002577465668573454,0.00043660860870375684,0.0008297755944471362,0.00020374639190557766,0.00014085168566901917,0.015146636836950042,0.022793136965516884,0.0009938805986447322,0.9591976167513054
27383952,0.00010326839632188796,0.0031767930590987253,0.0005670676481690531,0.0003727886786664465,0.0008400787050672019,0.9881488819817593,0.0025704653706659255,0.0021211726911415834,0.002099483469109792
27384062,0.00032251188307577243,0.0072704272694315035,0.0010117676628568935,0.0006245911552128867,0.002265290475237735,0.9628259538674006,0.0071520887609826025,0.012446183885315406,0.006081185040486659
27384064,0.0002376791560646772,0.0017075035866321734,0.016085906916170196,0.0009658603319632161,0.0002537693704812927,0.007965596761912497,0.0033309645451805427,0.0027209498568597753,0.9667317694747356
27384208,8.843995730637496e-05,0.0015781569382428034,0.00043138248555919833,0.00022368335504386482,0.0005006568199671308,0.9899573702498332,0.0027162631166159647,0.0021856864554090274,0.002318360622022574
27385310,0.0009915736753343923,0.14372819657452607,0.005889191195763137,0.06370525008124701,0.7113991035328948,0.012234817408144076,0.0011111053768177127,0.05705081028646987,0.003889951868802846
27385431,0.0008817269555204505,0.0031263181872133125,0.0043275042107246255,0.0006742247109791094,0.0008671430372778012,0.8356036941010564,0.09124141334583631,0.014532526332916459,0.04874544911847554
27386834,0.00037416408990457084,0.0012653583018940968,0.0007837041247437756,0.0006185751602710126,0.0006249077837170391,0.9475767521437045,0.015036883734163899,0.0022252415024052357,0.03149441315919587
27386871,0.00026927859588702334,0.0007422184134515195,0.0011974464131441118,0.0003066390426615771,0.00023005099519253757,0.8956866995127014,0.038731411374178806,0.001444160508086993,0.06139209514469604
27386953,0.05614123181225898,0.004343078107842971,0.0020800068863911433,0.002726767139832376,0.003702562774874145,0.48197821563949883,0.010346192852609163,0.0027394057712437285,0.4359425390154486
27387156,0.0002334333632307566,0.0004480030948248122,0.001478586886275004,0.00025165878464360913,0.00013545418794376585,0.47497088443156316,0.00832833364062949,0.0014992890589723164,0.5126543565519172
27387223,0.00032889528418727723,0.0009659326900988853,0.0009162402897259818,0.0004316159479848041,0.00043165168072834204,0.9368607478242872,0.02755044038983298,0.001525222629957499,0.03098925326319694
27387235,0.00012807266462118585,0.0005106722384026508,0.0004820536224407109,0.0003128738279070498,0.0002976062104432171,0.9835032254522746,0.0061905359553605654,0.0012602421968118931,0.007314717831738038
27387356,0.00023189249015891179,0.0006556927644211061,0.0007452183069433211,0.0003738557817567288,0.0003823283903552747,0.9513451979527533,0.024471073078298166,0.0013088388737576078,0.02048590236155567
27387432,9.202488153871456e-05,0.00037253185649771563,0.0002159562818433937,0.00013301068243030606,0.0001607507529132933,0.9881505536915676,0.0022431139771142824,0.001056650974480854,0.007575406901613958
27387490,0.00015005459011940391,0.000565370509630535,0.00047332692818572933,0.00029912685605670467,0.0001925327223034502,0.983486879396194,0.0015841947497173732,0.0016803221086189011,0.011568192139173898
27387609,0.00040275720279247894,0.0010270611837020721,0.0007072838537571708,0.00046838063951180724,0.000643866640084476,0.9725906442027955,0.009578679596765323,0.0018432225926161797,0.012738104087974881
27387894,0.002741948809881473,0.000936840100549627,0.0011028215306109813,0.00040712325777105104,0.00025792349944255786,0.23875703053457992,0.10299759548497392,0.0016777454525611377,0.6511209713296294
27388061,0.0003479702589813345,0.001804620196475356,0.0007375651380947828,0.0007626024082736978,0.0011818301626189299,0.9749083385444481,0.002863104985076837,0.0037214191445440687,0.013672549161486795
27388363,0.00027707180726580964,0.0010648593811807185,0.0014486592124117303,0.0003805883088887738,0.0003222426733192268,0.9706704723312101,0.00749156734889334,0.0038216775143799955,0.014522861422450307
27388419,9.311938000231401e-05,0.0006328503082616529,0.0001969037007084468,0.00012462424440032446,0.00021746307502320538,0.9939165631721811,0.002142037255784639,0.0011669642620607398,0.0015094746015774495
27388672,0.00028061143598127284,0.0007528757113052354,0.0008672423392289085,0.0002754383492845294,0.00021934632237688851,0.9760454061793601,0.012889583503163679,0.001802990410873395,0.006866505748426145
27388700,0.00023584631296521684,0.001329548552059183,0.0033523986888405292,0.0004697608578848251,0.00019280320081890398,0.9652959641939642,0.012777054132975831,0.003142526290209785,0.013204097770281325
27388816,0.00030100486983388407,0.0027535586862019942,0.004615267232426745,0.0006800760575241068,0.0003837094706059454,0.9674663018662111,0.006062023315973672,0.0036356052934987696,0.014102453207723688
27388912,0.00025531568986705117,0.0010157451003548475,0.0024044001831688734,0.0003205541543279652,0.00022188944228157743,0.9607988746529345,0.01659930060107774,0.002339332982954927,0.0160445871930326
27388975,0.00017119218330648205,0.0006631978203017121,0.0006206733175302483,0.00018064316849847328,0.00014728540552448534,0.9834740541413817,0.008886807568586695,0.0013962332883939808,0.004459913106476332
27389262,0.000278128231441824,0.010210590643544718,0.0017833736083116792,0.0015709315161271022,0.0017632096948262332,0.9734530151730847,0.0021566099557709176,0.0036418844273086682,0.005142256749584205
27389386,0.009278258940571021,0.005148142231544622,0.003218877172113488,0.0019131637953032795,0.0015685521926117629,0.620307259027963,0.02320750438625169,0.004369989208968846,0.3309882530446725
27389936,0.0001938189335788335,0.0013012487650955367,0.0006384146006618677,0.0002019558421640286,0.0002461607189644676,0.9644234048720643,0.02422339335360518,0.0013818703912087276,0.007389732522657008
27390071,0.000357398146972531,0.0017337250756757603,0.001505911407005026,0.0006356587217866805,0.0002881376237837906,0.9137189468886272,0.005098915163896663,0.002429841092619276,0.0742314658796332
27390223,0.00013000106835961284,0.0005740249217782196,0.0006806665231123295,0.00018089822755773367,0.00015163968039468711,0.983337915101529,0.006201300486131926,0.0013411554418390878,0.007402398549297371
27390271,0.00010733802162373894,0.0005198247556238093,0.00033982566417485355,0.00016039253083873812,0.00024038143000674575,0.9861160401660861,0.005853227437857486,0.001325227841516773,0.005337742152271648
27390291,6.351381594995494e-05,0.0003225388293397948,0.00021238922445753738,9.647307839148533e-05,9.578260642568639e-05,0.9951756111694693,0.0019035706070441862,0.0007522965435135128,0.0013778241254085285
27390319,0.00010219704681438468,0.0006308472738422187,0.00028931140343432723,0.00012029692385543527,0.00016165458309686008,0.9762847140439863,0.017618606770071876,0.00098086932218947,0.0038115026327091395
27390709,0.00011440940298749095,0.0004055273860474338,0.00032295097306564484,0.00012470489742826132,0.00014823673413344836,0.9719410990430125,0.020064268005240946,0.0009258864565499449,0.005952917101534357
27390827,0.00018010180119176146,0.002922155185070667,0.0011292081793234585,0.0005655045881044483,0.0008477319680634404,0.9870649551034589,0.0017935100659761292,0.0020277672269435206,0.003469065881867629
27390828,0.00046855249855157547,0.000882711031111735,0.0017610579885563,0.00033140842245426314,0.00020482145505811388,0.021042892856108563,0.0461413299685202,0.0017361828796240094,0.9274310429000152
27390876,0.0002797786840102953,0.004619656378296956,0.001625743642423864,0.0008904883034529829,0.0019163655502445881,0.958817684516133,0.0033307480204400838,0.007256252474979071,0.021263282430019115
27390943,0.00016232735937082672,0.0014435534999852916,0.00042143742233126635,0.0002100374138826078,0.0005494363701856798,0.9852934123827983,0.007461388866286387,0.0019800981417385237,0.0024783085434210783
27391118,0.00024634273409966526,0.0007515377366837662,0.0012737855354770394,0.0003727603727418872,0.0001931304438391791,0.19725085648348817,0.01151632277419052,0.0016292495858594635,0.7867660143336204
27392023,0.0001210701321369083,0.0010980355352998687,0.00036403524742382033,0.00020614556384685666,0.0005626705496871044,0.9890808134008529,0.0044611261959812245,0.0014674833225397383,0.002638620052231647
27392399,0.001973950095015331,0.09903938555585652,0.0025363685843496986,0.009674123365703207,0.29013866647436337,0.046950214471095805,0.0021710516477657406,0.5353746983590477,0.012141541446802616
27392410,0.0018008471320047617,0.08623253484721913,0.0020857201730601024,0.00908988601603135,0.6659275503784934,0.004418356490534361,0.0008337759960677325,0.22466204475123125,0.004949284215358109
27392878,0.0009670130310523656,0.02815049143526178,0.0012267275992857817,0.004353428812440324,0.5730487823229033,0.003162924369899489,0.000569900557979391,0.3857850955993453,0.002735636271832272
27790720,0.0007763949098462696,0.01473984266203754,0.012066328475857624,0.017735570492436226,0.0041942035571979,0.05753344775064669,0.00395701651282176,0.004903275053305336,0.8840939205858507
27790957,0.0007294010298093936,0.014194299001576661,0.002073845453561994,0.0016205445025703556,0.0026805924347598283,0.7359826791057219,0.014601439252411521,0.0024188305725659238,0.22569836864702236
27791208,0.0004866870068983984,0.0016265622269520921,0.001213633135298635,0.0010371856047386144,0.0011169912408444805,0.9225008833238858,0.03348458987421295,0.0027434155089985537,0.035790052078170514
27791358,0.000990898042282975,0.4503286983565354,0.048972605108928424,0.04254146552344661,0.004643548659196068,0.029694844741657886,0.008530969145108577,0.00906003901593339,0.4052369314069107
27792402,0.0003613768253415586,0.0015514784042602477,0.0019161500995366633,0.0012563651045735206,0.0008085961434159485,0.05657641558025504,0.013925952080242476,0.0022254320798415143,0.921378233682533
27793377,0.0005707516257349053,0.0011112111042102407,0.0009478273071148261,0.0004452744944788877,0.0005992448062337105,0.9597176876376761,0.018830675394134837,0.0019744175032150174,0.015802910127201523
27793451,0.002975302705052196,0.0056801729634677195,0.0034317255103263836,0.0017303362433825202,0.004880005672634783,0.9471391996807561,0.008806728035747873,0.003686746219378051,0.021669782969254363
27793481,0.006385497717512702,0.002747327697080255,0.007039349176023729,0.003726136399621439,0.003313345270654807,0.8999980221237418,0.008480521683437365,0.005205486446597998,0.06310431348533001
27793513,0.002070606342537295,0.002614026341150517,0.0039757403319130415,0.0021360963209612403,0.0024619689822542932,0.9323151330678676,0.010168110626949115,0.006670803079955426,0.037587514906411386
27794044,0.0012002661427591669,0.0448827154964388,0.01910845529219841,0.031446060452064176,0.01238917812949974,0.2031498349502208,0.09006355128947421,0.022197736247329496,0.5755622020000152
27794964,0.0011159540980450631,0.002312300990844267,0.02050364421310863,0.0025991865668602895,0.0011073073176684745,0.09501223979133865,0.013916483772354079,0.049148932199713176,0.8142839510500673
27795733,0.00038671781947171213,0.0018380119323912652,0.0010682419687626313,0.0010040810458967692,0.001373107217438142,0.9628383835094478,0.01423685473802758,0.0029743707426973373,0.014280231025866764
27795764,0.0005405531074414979,0.002335477689224911,0.0022700464422170164,0.0009474960973877506,0.0010701227954049023,0.8829478920115876,0.03360638781799225,0.0043525179286434765,0.07192950611010054
27795783,0.00041597579124138807,0.0018058683979404258,0.001496137108118703,0.0010238075860359687,0.0010436865363448997,0.9418396987654201,0.018887957958883223,0.0028371476803906665,0.030649720175624735
27796951,0.00048052807955201355,0.0065382909430712136,0.013295041014430407,0.002267530816105367,0.0016359862042435184,0.06472781555538573,0.05444181797329034,0.0038975149575879997,0.8527154744563333
27798374,0.00036534873243718706,0.0013787366706230991,0.0007825226893529109,0.0007121777203093761,0.001019329296578923,0.9698103458453258,0.01087036822359144,0.0022403100126303856,0.012820860809151069
27799672,0.0027993926536714364,0.10386311613033072,0.04876984836481142,0.02743190190064794,0.049898399023745744,0.32753766921388905,0.005778773835858837,0.03940634580109484,0.39451455307595007
27801031,0.0010006465999716297,0.002334432038616362,0.004443442602447164,0.0015500389786198452,0.001637691584157641,0.917550077783587,0.01517500837892443,0.005850120217375663,0.05045854181630035
27801204,0.0021042882289562135,0.0023904282097100024,0.009034307458186315,0.002164933335394203,0.00166193485469139,0.8689601249591313,0.0103960321792363,0.005419173579056158,0.09786877719563816
27801229,0.0015970552213483164,0.0017829524104186797,0.006779928807961221,0.0019243295581749835,0.001332028589895247,0.9371270194649296,0.011988415199874078,0.004731585962723909,0.0327366847846739
27801344,0.002019587398015684,0.0030534027787512273,0.014592100166117478,0.003991926802935887,0.003082787250046712,0.8850714998748608,0.013113941794657264,0.006821195319709819,0.06825355861490515
27801359,0.00134595060952909,0.00326122969914256,0.0051876717846407825,0.00298463239163893,0.0036990116006112316,0.9329970914559802,0.007479212214645733,0.010192009366040306,0.03285319087777131
27801598,0.001200326287366245,0.0017938092896929787,0.004903103531807837,0.0018857845202840148,0.0016057897233556794,0.9469287654431326,0.011856917936716067,0.005034278884784811,0.024791224382859748
27801619,0.0005814951110721642,0.0027553269295700162,0.0007333830927451859,0.0009250593683418038,0.002431841139751697,0.9726061332713931,0.004133909782978813,0.004749747732868597,0.011083103571278658
27801782,0.0013202734871006654,0.03435623496156464,0.002252819600425253,0.004922637769953016,0.6934319778269497,0.01261434006115331,0.0017853127552729976,0.2399095233272534,0.009406880210327036
27801901,0.00032396142466940934,0.0015679266400312913,0.0006847368291889858,0.0006234914792220028,0.0011001579730586476,0.9622059956373721,0.011326465683923594,0.001846986747867368,0.020320277584666663
27802189,0.0006345004465607193,0.0021617507974628033,0.004521417085014503,0.001566501196321341,0.0008322124006588813,0.36590866181587234,0.011053664308933668,0.005056383569122495,0.6082649083800532
27802195,0.0008369672884439274,0.07930746092704793,0.0017740804664440023,0.004527465399077948,0.8220028912500759,0.06820391186828176,0.002349712938115898,0.01276412312779374,0.008233386734719027
27802286,0.0003058350419907772,0.0007162183660194752,0.0005724281118777582,0.0004012793001699833,0.0004734738856368793,0.9646480939489824,0.021260691801103047,0.0022056264544056945,0.00941635308981404
27802800,0.0009166661244643376,0.005959318580933908,0.0012728613427763018,0.0015172066045129444,0.005107548313539399,0.9595702617250134,0.010645766251655626,0.004597486615064092,0.010412884442040015
27803111,0.001094391540711952,0.005044883094374012,0.0013689572094479838,0.0016552717224267782,0.003412870398369199,0.9657603364066316,0.008250290286770693,0.004281475710616995,0.009131523630650782
27803670,0.0003293152078445102,0.0014053391567121613,0.0008029590412332757,0.0006721783887931376,0.0008080198590521047,0.9204541299283335,0.022686046555409355,0.0016491824814713607,0.05119282938115057
27803730,0.00013123332489690286,0.0005729285325435612,0.0007121426259928549,0.00036784747716809066,0.0001925144707833994,0.0017269846936091274,0.0012961413216430993,0.0006535268832631684,0.9943466806700998
27803742,0.0019263047161312645,0.09245351378406519,0.03130063731318684,0.028161152757109963,0.010526387050045707,0.16490775211922376,0.009276004303714558,0.01639656410602111,0.6450516838505014
27803824,0.0005070963500689772,0.005792836719017371,0.009905881628697658,0.009049501959588747,0.0009167071458179675,0.002691186056598534,0.0019340353139591562,0.0034547317323667366,0.9657480230938847
27804016,0.0006080895190390077,0.003605318159095509,0.010275077039300858,0.0036994069422699016,0.001309968196974891,0.03232090655072815,0.009851040732118238,0.005431861701961722,0.9328983311585116
27804050,0.0020414222508807534,0.0026139417377584666,0.03965997909896191,0.002768969919113796,0.0015421893309564534,0.2679066337140447,0.15145470343902503,0.025661761590072676,0.5063503989191862
27804383,0.0006759241387134755,0.0024883278795645963,0.008051305768686874,0.0043691957601808985,0.0012991448166775092,0.07716300849820854,0.013742536703731014,0.004155526216744351,0.8880550302174929
27804571,0.0023462054624322497,0.020556963536897333,0.00564236108804935,0.008650316262260342,0.8774973359804277,0.005996985065099051,0.0011656566859633642,0.06249389727673367,0.015650278642136917
27804578,0.0033809260717795313,0.04246680195823505,0.0034451064756811063,0.012063051926516103,0.7031848449947061,0.012410987475735259,0.0015183343913010906,0.1902304669723888,0.03129947973365687
27804632,0.0019577072034501187,0.21678659433092445,0.011031000763547726,0.010056078824637892,0.4236752268323782,0.1867697420106207,0.004076769242690803,0.12357838311128473,0.0220684976804654
27805015,0.0005435855246634184,0.006057469380947123,0.015614408766544505,0.0033052089114490694,0.0014866617403888418,0.0058565955183377556,0.003667824607764959,0.002520350635388149,0.9609478949145162
27805077,0.0011723439509569587,0.017411621975057984,0.0013321980641626211,0.01423378601144442,0.8919191234891559,0.00417043056726288,0.0007442883365292165,0.06413156989168457,0.004884637713745355
27805095,0.0006468138772300222,0.012936287669664065,0.029379354219108263,0.018416452457362252,0.00340496180784225,0.007427350974425559,0.003534862041033006,0.004906210995816014,0.9193477059575185
27805289,0.0014137740859853738,0.10956694515248895,0.017323166306599014,0.21211027539154304,0.025670186031831795,0.018934640739374557,0.0035641829227842587,0.010677748606283018,0.60073908076311
27805344,0.001600601007219299,0.023623693507376208,0.01924659976747913,0.0575319253106377,0.008840302205863916,0.03387521221311958,0.0031948472832049094,0.009558604700258547,0.8425282140048407
27805716,0.0013102557805518404,0.1366015255568854,0.007046842430478372,0.034872342773008005,0.6102585647498877,0.013483631440866149,0.0024973359540721167,0.18950549009820183,0.004424011216048487
27805813,0.0004627511758320049,0.002178350362653701,0.0013522563106241213,0.0010668313402597924,0.0022560431198732143,0.9629605067856385,0.010582552728619339,0.0035076831261436647,0.015633025050355614
27805896,0.0005499252626639634,0.0010666871608174706,0.0016792488417466257,0.0005308192129277288,0.0004344632803393695,0.017927845839365967,0.052197320001675054,0.0012952109932516396,0.9243184794072121
27806005,0.0006379628744672632,0.0008991498860197994,0.00428010812159925,0.0004502508317061846,0.000362793965365168,0.01643137629267959,0.0871575917585603,0.0013866655232492378,0.8883941007463533
27806354,0.0011637220133019857,0.018114227112490562,0.020878754991807757,0.013223697642992305,0.007592885235778757,0.1699641834436111,0.003772533354934985,0.005563011352684141,0.7597269848523983
27806823,0.0012162508645943814,0.019344831713759017,0.03859696818194794,0.10170602971722048,0.0050135596996345785,0.050477758301220414,0.00901226803046892,0.014600707473054857,0.7600316260180995
27806957,0.0018170172599545613,0.0027419975166257087,0.007963347306354795,0.005050700563639733,0.008673903146297167,0.7774971660701447,0.009340126349900392,0.012727117825097205,0.17418862396198567
27807052,0.0017683942189217284,0.003534952877605581,0.013581652782545979,0.006041688881804501,0.00264072517369301,0.2637547785311114,0.04695683833622304,0.012608346739262394,0.6491126224588325
27807477,0.005852335987424759,0.070811397665773,0.01365479597897376,0.007937285484816233,0.02142536970388568,0.22444700053479308,0.010042184488229808,0.019836056465344552,0.6259935736907591
27807746,0.0013574814748298105,0.018150403993435177,0.081432734205877,0.015156514914860067,0.006262250934445494,0.0543102178465222,0.039794726216738664,0.02344088424651927,0.7600947861667723
27808162,0.0003787742562135392,0.0019762249597685615,0.0013459112567380917,0.0018636887613220625,0.001962969812041308,0.9205722463039074,0.04227927127371668,0.004914262163321402,0.024706651212970866
27808218,0.009373199707051616,0.0012099229423324853,0.0036194289305489643,0.001139455766203512,0.0009887591104903943,0.07398059376765846,0.039811955540330374,0.00450804700339355,0.8653686372319906
27808482,0.0017385191488750447,0.1146713574901964,0.011766247460756253,0.049662541952286164,0.027302069554539496,0.610336477152051,0.0038979513524334433,0.007834813031853982,0.17279002285700817
27808995,0.0013705377982124885,0.0060844964085540534,0.0051270296485156595,0.01676717936980765,0.002956369858184686,0.06941345357672489,0.005862598848831877,0.01017600178875699,0.8822423327024117
27809307,0.0005299721950733217,0.0026776124216450615,0.0021214397610436527,0.0024262787366999047,0.0020209489872032057,0.9499303935208194,0.014034873359585908,0.004355247939178417,0.021903233078751097
27809673,0.0011592198196896815,0.004557061518274704,0.00986748212693416,0.00769745682719856,0.002794488421654769,0.7050414543779995,0.02502098051704473,0.01576103949993147,0.2281008168912725
27809679,0.00134674944791261,0.025134627560604125,0.010823924604497395,0.03922981736670825,0.01964407099614809,0.039407659674719736,0.002958007692801426,0.014900456736924255,0.8465546859196842
27809686,0.0007256873016263521,0.00979132037822835,0.02566180164124066,0.013039555570145094,0.008008509558046125,0.03550140935343708,0.006095806898760353,0.008191762849952202,0.8929841464485638
27809745,0.00041554456763310914,0.00678230195246668,0.0009452922674454261,0.001272289052599528,0.004607116398785519,0.9478284444172284,0.006372493434596425,0.004828485146712812,0.026948032762532166
27809793,0.0011576030473287497,0.0037481755683770822,0.0017708480360851548,0.0012620694079961122,0.002544243979953217,0.9594904513272899,0.006049036190082404,0.003655860583488513,0.02032171185939867
27809825,0.0002550189532602519,0.003118355715271812,0.0009188442195407752,0.0009753346257124541,0.002182146767241645,0.9366101864871755,0.02134801546087443,0.00361839924712546,0.030973698523797482
27809826,0.0006437584394417588,0.005166260741852859,0.002766561573290465,0.006469542124432167,0.004671203922308099,0.8941182387972518,0.006896963144788478,0.008680161624258664,0.07058730963237574
27809828,0.0005909174096991942,0.0015763658854257704,0.0025780450282587475,0.0015000113893011576,0.001055786373774188,0.7350349895790365,0.01748619517696891,0.004875331537044104,0.23530235762049156
27809852,0.0005426363258107454,0.008089225484456975,0.002790198922445328,0.0017551299660433799,0.008948363840620598,0.9131841701944594,0.007513861944396414,0.0052556836307206594,0.05192072969104653
27809863,0.0016342392820862762,0.05768324928079422,0.022195691795277625,0.024309664625605215,0.05687272351866345,0.2553849559717985,0.007337849741462152,0.05354816932462274,0.5210334564596899
27809882,0.0004097203957062177,0.001971067821697021,0.0008789722176485352,0.0012679555363720725,0.0012600239423481588,0.9638654629386503,0.0132106527759003,0.002603281945810102,0.0145328624258673
27809928,0.0008070324180465304,0.005215209781541942,0.01059645459801721,0.002710890512418265,0.003805138470264464,0.8593702945812703,0.012514980864561119,0.00781565150994283,0.09716434726393734
27810395,0.00042466636127159606,0.0006765446879449902,0.003831433334640919,0.0009198829120181844,0.0002227729590409118,0.001980160525555028,0.0021128712703282256,0.0034352883455925627,0.9863963796036075
27810399,0.0005417712876155256,0.005624503711293347,0.0007570252708132174,0.0009177892870390301,0.0029716641327988394,0.9580852159125808,0.004510531664675096,0.004361521122018463,0.02222997761116575
27810450,0.001368231352027197,0.0006798911263497792,0.004430958557399174,0.000744017697511537,0.0003996630687033139,0.005770214044166657,0.011555883594747046,0.0014902419318897923,0.9735608986272056
27810666,0.0014531254109851554,0.01803238147760568,0.03141147567508817,0.08097004407902418,0.01591684193741561,0.5799225155764247,0.013192386879486966,0.03126392841506404,0.22783730054890564
27812409,0.0023778922400069175,0.32230326211438454,0.006664045855126203,0.13789302373308085,0.37282395765053017,0.00855292967045066,0.0022323779890044996,0.022378940484225444,0.12477357026319072
27813952,0.0013346036994727384,0.17420884066704284,0.029790541849536747,0.6133292215727991,0.012872930659021467,0.03912068936280047,0.008935964941376691,0.040333899194310296,0.08007330805363973
27814181,0.0013325700174449155,0.028710763697382412,0.0029088155245712032,0.009142152400889463,0.6858309106458765,0.24085095067401033,0.003560812042083257,0.014395684275586731,0.013267340722154968
27814312,0.0018441862217360141,0.006212661192523875,0.006898647241148727,0.014933110799112302,0.0015720216785297505,0.014558796717609937,0.004487775567617944,0.005370304932758623,0.9441224956489628
27815210,0.0013282016779955648,0.010320233722273732,0.008081521425740467,0.013184863846179999,0.02223317502173312,0.8397546541354577,0.0101406569176462,0.040427136957465665,0.05452955629550761
27815778,0.00029019190227904155,0.002270398765367829,0.0016091016854870553,0.0009079448510579227,0.001732267090560272,0.9461604963008814,0.01359654794285848,0.0035597023637519883,0.02987334909775611
27816871,0.0006786476787883141,0.013163284959962773,0.0016119177829451528,0.0016020271240437566,0.00331452249956935,0.939281168108941,0.013289513036287547,0.003518445381601918,0.023540473427860094
27817050,0.0008812106053833491,0.00531418131943481,0.002069395843539918,0.00583413850597202,0.004009504923677914,0.914383191246747,0.0033142345400686713,0.006321167172676031,0.05787297584250049
27817111,0.00114287322204597,0.007210749415783515,0.009396706526616078,0.003017767090174301,0.0019350852903649701,0.10939392158309175,0.006420625999659965,0.005244948242407662,0.8562373226298557
27817127,0.0008571556381841581,0.003498305396408599,0.0018884206415610723,0.0034645477345776796,0.0043019230472521285,0.9041809737312924,0.008996258215819768,0.006162031030464966,0.06665038456443921
27817260,0.0012414223551135467,0.009238988486424123,0.004317064865664858,0.005411286879726772,0.007782054812145124,0.6916001021093587,0.0077288779556431465,0.015203656948015834,0.2574765455879078
27817270,0.00029319915811014765,0.0018123066378936386,0.0008519579651418401,0.0009373139260614579,0.0015684768077251982,0.9539193267037112,0.019411964507097344,0.0037507560772351996,0.017454698217024032
27817284,0.00046811576639818733,0.001138016004781836,0.016133544688852437,0.0038163541785706263,0.00034414948278281343,0.00239203899893093,0.0018697140530064,0.002541099552801279,0.9712969672738754
27817320,0.0005344171102594916,0.0040110288960526685,0.001463005740820841,0.0016257830654896658,0.003311425644611046,0.9400283705350551,0.005562671151525746,0.005449491421960419,0.0380138064342251
27818613,0.00042784727892609687,0.004133215860430395,0.004321664043122472,0.0030714455067743403,0.0019291207597150815,0.9062771074408413,0.012171338714627503,0.004961946518892691,0.06270631387666993
27819839,0.0010408067535333544,0.04421551713680965,0.0016802178609956725,0.006075133911293871,0.9026830184208978,0.007798833183244372,0.0012276798796989358,0.03102596176695684,0.0042528310865694065
27819914,0.0025195906190298768,0.23139797777310234,0.03572543337238057,0.03534351459999722,0.3936803108399106,0.2205136963567813,0.0040638198365645405,0.05103231452051175,0.025723342081721806
27820106,0.0007513684766676557,0.002028117873536905,0.0022607528317896432,0.0010789571489612149,0.0009790573916480306,0.5864760336968153,0.26308143214197915,0.003002742258882908,0.14034153817971923
27820127,0.0006006168019659302,0.003627327738480274,0.00384815590462853,0.0010604226820930482,0.0021135529743541515,0.6895032522695754,0.008682069186852019,0.006005242109704005,0.28455936033234663
27820590,0.0005319995274245195,0.0020048485118942536,0.0013217251326450522,0.0014269419257357675,0.0014451027248629426,0.9602420785762966,0.011791807279373422,0.0036160563553719527,0.017619439966395443
27820593,0.001234475151923945,0.013473046408521152,0.08984781124247206,0.033525819005942516,0.07886530752534711,0.26737673333992107,0.03217013986376457,0.013496254482159336,0.4700104129799481
27820643,0.0007662989225886918,0.0022541945253238462,0.0026605293212071616,0.002068165877219561,0.002638584636386196,0.9481674690369689,0.018855483670352474,0.005431949018070356,0.01715732499188278
27820696,0.0006343297153644528,0.0016755404961029576,0.002185323834655743,0.001796121860803011,0.00143613592077711,0.9575929129948376,0.013239217577906831,0.003303659521055532,0.018136758078496795
27820697,0.0009672757235126599,0.002432517245674326,0.0022723808456456595,0.0018059487431596485,0.0017948352775526508,0.932416148422267,0.024665088241256267,0.004761052871466348,0.02888475262946532
27820711,0.0009719448192809004,0.005041307535574277,0.03701218626955028,0.008796732120963097,0.0038132293449858884,0.04908985095364279,0.0085281774719151,0.008992253639002915,0.8777543178450848
27820719,0.001225254251612325,0.0019738361480440584,0.0019658318882851884,0.0020634075996681083,0.0019294112652307367,0.9624333614629275,0.0074143822650377745,0.004192546743398951,0.01680196837579555
27820782,0.001343451121587752,0.0016671218969042353,0.0028946299400942513,0.0019213510429890639,0.0016063801411576653,0.9477001994375887,0.013110273530430677,0.003977299742109632,0.025779293147138095
27821053,0.0009085243366264024,0.003540664462587269,0.0027655052717054244,0.0030578415039353335,0.003375749186594761,0.9279731558418406,0.03024339350032063,0.007276898850864503,0.020858267045525077
27821289,0.0007891336212675581,0.0029423173478849846,0.021137536174683447,0.006817189596520807,0.001025167668321877,0.0164417364471717,0.005053186833802374,0.0036444549872780524,0.9421492773230692
27821297,0.000676691914293667,0.005669227453413389,0.02851834448789996,0.008782296788343183,0.0020997475964495502,0.1061859484077796,0.005982431301731499,0.004828429541194968,0.8372568825088942
27821964,0.0012620167090228321,0.0024185983015959623,0.003962634045367324,0.002750461693654884,0.0026731497585773772,0.9388813008412552,0.021480929437135716,0.005136225185638104,0.02143468402775268
27821981,0.001320061122294849,0.0015801410118899397,0.002485840574711335,0.0013557078425955164,0.0013269282957200758,0.940352823562733,0.02546312065486159,0.003176230108048437,0.022939146827145408
27822072,0.0012562025037495662,0.0012796860615903803,0.002200067693000765,0.001327475652531501,0.001360537825657881,0.9607137678945569,0.011958432591847186,0.0032779084292547844,0.016625921347811184
27822175,0.00042096829569803,0.0017223008221732615,0.0011401901416227477,0.0010153543832544182,0.0014314815023286915,0.9676444601675659,0.014138292920162299,0.002884119745050448,0.009602832022144191
27822258,0.0005880989375307442,0.007853809627956145,0.0014765333017715716,0.0019107213370031081,0.006579052308592967,0.9584321752540559,0.007834084389542062,0.005269445548873461,0.010056079294674045
27822577,0.0008839693238593474,0.0017583172706846597,0.002579390742830011,0.0016604266195138376,0.0014324597117053835,0.9385646567430789,0.026460282148107236,0.004593169978612851,0.022067327461607868
27822666,0.0007847833928239928,0.002477642232580525,0.0025453291624072316,0.0018421098347942725,0.001622245394614837,0.9400806337383636,0.021208980947251568,0.0030833857513313215,0.026354889545832687
27822761,0.0011125498282896255,0.003698539083594727,0.035856699663262194,0.007526592927158484,0.002579298719233604,0.10723529480254633,0.011184972445961882,0.0048936165950810755,0.8259124359348722
27823521,0.0031649245310292023,0.017178451175689696,0.2632915392736439,0.030880492324702417,0.0324182925354012,0.10577805112735172,0.02969690441074216,0.09417719621397225,0.42341414840746755
27823796,0.004032483518178555,0.00901722052373819,0.02052808671384839,0.004130026448415293,0.007807726423677668,0.6649803541549011,0.013641371746228054,0.012005769254118934,0.26385696121689384
27823891,0.01757636003772848,0.02335640879800812,0.012597860917973469,0.02610800642872354,0.654601735196658,0.02300901831768407,0.002932615455291875,0.1285425955802245,0.11127539926770794
27823940,0.010448911557484225,0.009748455910010022,0.005758023510749387,0.009708124378029866,0.911549536297538,0.005948838895299371,0.001265813020432001,0.02607369034615498,0.019498606084302133
27824296,0.0011448740094728543,0.03179965722267722,0.16350268489801098,0.1892296613782686,0.0035228191785370484,0.021639042038444696,0.011539817182693495,0.019503906441587268,0.558117537650308
27824965,0.004288883297608975,0.00885659850102825,0.0024690430581537897,0.003973953563724057,0.024144411605394496,0.9269182701073847,0.005582694058968684,0.005858709390687491,0.01790743641704953
27824973,0.004291700494661538,0.006962006700291776,0.0022428607322978735,0.002710934799087461,0.007491092566032398,0.9463169057214428,0.008817514011264845,0.004257361385933899,0.016909623588987295
27825620,0.00029624497647866613,0.001310677187781351,0.0005658859982777037,0.0004925639243305003,0.001099583511743795,0.968944611932809,0.014514813798811905,0.0019393913573798542,0.010836227312387198
27826018,0.0005115319713116336,0.004801213484693976,0.0015497882321489833,0.003974611151175215,0.004958487646395272,0.9498398219946846,0.008730015186088128,0.004810287351860829,0.020824242981641167
27826098,0.0004547749327346195,0.0020615804366280106,0.0010619843020891018,0.0010475417497654324,0.0016508394373767085,0.9451211188049934,0.009803936045452597,0.002893549590412837,0.0359046747005475
27826235,0.003866268849539252,0.00538418181463756,0.03590145186919708,0.0067152863737968,0.0074749156814602185,0.04227005550920903,0.004390428145340811,0.030835345369073626,0.8631620663877456
27826276,0.004432774455392639,0.008314983997558588,0.1265150284437637,0.011402995445295605,0.01480245809363446,0.2985241724071933,0.004349587786835362,0.04376857134024109,0.4878894280300852
27826338,0.00025080376128336476,0.0012852753675817285,0.0006348596633537519,0.0006631480639633405,0.0012313811041820507,0.9652933416214164,0.011837544717201274,0.0029852309293287,0.015818414771689233
27826531,0.0012973132790535212,0.05555497921312575,0.014539389014920582,0.01236525017165972,0.003851406194511738,0.07906152174841223,0.003128741840836188,0.004954073991656887,0.8252473245458235
27826578,0.0003613541050328646,0.0010537595511023253,0.000858734232804343,0.0007134865659497574,0.0008962888090917338,0.9647892047661438,0.015788338188138046,0.002184128189173766,0.013354705592563408
27826709,0.0010597046319638858,0.0022719603641448015,0.0013109000931859223,0.0017737834360995073,0.0018768101696391376,0.9654529924654266,0.008583467477781851,0.0037799143338943233,0.013890467027863982
27827567,0.00047744221554103935,0.0014852944694738726,0.0009152849365237936,0.000723588639737433,0.0011519930816209461,0.9583553661753798,0.02244023227741371,0.0027867889092548217,0.011664009295054453
27827960,0.0005547947031887782,0.005075608771239032,0.05289521556707247,0.0034171677212698945,0.0008850890569511875,0.02005675189018536,0.009467019137492132,0.002840220839342006,0.9048081323132591
27827965,0.0010229472227618404,0.015081559647438066,0.008592673949115243,0.005142934342023451,0.008421678252150922,0.013824584366642743,0.0021053281189614675,0.006431866446833295,0.9393764276540729
27828047,0.0004290174952895693,0.0019678526818391246,0.013567283463121959,0.0016282859414414022,0.0004570365464725679,0.044715835702940854,0.005415908025939579,0.003921243042819328,0.9278975371001356
27828372,0.00043700196446496575,0.0030791730726503733,0.0028750509477458467,0.0012342690785417264,0.0014525907861092124,0.5639482278704442,0.02732260966679557,0.004268125075774101,0.3953829515374741
27828436,0.000834554378857113,0.0031494397666103897,0.004834426614328881,0.001547739381894906,0.0028321360538988553,0.910940915171474,0.01499312398904251,0.006504748089190457,0.05436291655470264
27828585,0.0004017023451848187,0.002104051299632062,0.001132512534504425,0.0009184163374178513,0.0011274700337122676,0.7684448750663363,0.016695125119096828,0.0020118802373360186,0.2071639670267793
27828863,0.00034250393257234196,0.0024456005550459346,0.000924448866502924,0.0008384381755932368,0.0017893885698915767,0.9551723783999032,0.013490077248580938,0.0057263023603541996,0.019270861891555628
27828994,0.0004726021864019348,0.0034476173136052043,0.001931855619547679,0.0016496898085224933,0.0028497271920234473,0.95031420744525,0.015199744646797667,0.007602213861204774,0.016532341926646765
27829036,0.0025936705379628233,0.003975608609003749,0.004280446161275407,0.0021024788613071286,0.003110356674086692,0.9373342765925002,0.013226350725161809,0.0032992255644593697,0.030077586274242684
27829544,0.0023148541021571294,0.0017032016473734588,0.02341207580284528,0.001620824336982694,0.0009006672207890435,0.1314119530587957,0.013104892708108853,0.011313977721967948,0.8142175534009801
27829566,0.0006895380735100952,0.003987579085784296,0.030847389862365186,0.005249939793436672,0.0006652102684705191,0.007609497289103633,0.0026285543746956065,0.0034812032189133935,0.9448410880337207
27829568,0.004660641705170412,0.0013101399124294622,0.016091570485582643,0.0019737430075332405,0.0010371492239122802,0.07848293432248732,0.004800938532326161,0.009931770502473975,0.8817111123080845
27829613,0.0009661001436351194,0.0019973281078092616,0.06053508156894069,0.0012869409058825756,0.0016253055657404283,0.557802750287446,0.011087358242214632,0.009970845858638605,0.3547282893196928
27829640,0.0020737836739165624,0.002070011289635561,0.012932688800628265,0.0016053364399756687,0.0015319906543948669,0.7576529695373375,0.010717951064434277,0.006980895948746824,0.2044343725909305
27829781,0.00804497727701268,0.021582921236617283,0.11895269167637106,0.07679493856806965,0.034346827431826245,0.08781046469595043,0.008061237477894567,0.1371125270369578,0.5072934145993003
27831184,0.0004846026732783325,0.0010034390058407258,0.0019053821471339753,0.0006665947866089984,0.0003950702733297758,0.012571467769629145,0.04490585031569025,0.0012940741239257693,0.9367735189045631
27832153,0.010841177287645935,0.03537340632819434,0.020928248664356268,0.04308601409145866,0.3988140371237678,0.034622193137500645,0.003699641037513769,0.33691414165453765,0.11572114067502508
27832334,0.0014082903068837862,0.0021322527715166555,0.005561148413151519,0.0014309604158880141,0.001785751145135339,0.7179530149468997,0.07191143670157375,0.004507325878488408,0.19330981942046285
27832702,0.0021023394112087506,0.0023104606047171907,0.002257836934806806,0.0012931297813465583,0.0018364472742311156,0.9572499349768067,0.01016286930604514,0.0024535168686895623,0.02033346484214828
27832750,0.00082184392554699,0.0014165828637873875,0.002096350228011306,0.0011639094114904425,0.0016463107781769172,0.9530490723803466,0.016519901935671225,0.0031202000734835305,0.020165828403485544
27832752,0.0009685985284691313,0.002002331053757294,0.002554825030631303,0.0013847207413804606,0.0014669339468407429,0.9182072841083565,0.016187818858656493,0.003460116102860845,0.05376737162904735
27832846,0.0015075563375867255,0.002809507208847352,0.0033759548511811403,0.0023678665280417004,0.00365584085501059,0.9413909324977264,0.011437554059995641,0.0049494252979539145,0.028505362363656497
27833884,0.0010847607251367908,0.001331930429879567,0.002450032596227855,0.0008553280716799285,0.0007879761409795823,0.8422371222583187,0.10923758597789829,0.0028562101780533968,0.03915905362182589
27836060,0.0010871979093436824,0.001771473099236718,0.004895233520942162,0.0015504739599797887,0.0008937244882263682,0.21768092429860386,0.03401711249630592,0.004010685262938751,0.7340931749644227
27837142,0.0019042164659074533,0.0023029413763062316,0.0026387915748488215,0.001271607095965862,0.0033376673920701453,0.25913887717114287,0.0033945363590919043,0.00499013379940688,0.7210212287652598
27837413,0.0013189131270898854,0.0019081085878578223,0.0033437161268624147,0.0024474697348927633,0.0018560351603496672,0.6245446589917084,0.011152199980312786,0.003783315205105733,0.34964558308582055
27837630,0.006233867763223336,0.005464223262661849,0.008515287681814063,0.004399629767099433,0.0052761092976444275,0.8097734321916527,0.004325994431853266,0.003938274345508136,0.15207318125854277
27837708,0.0022550626328148495,0.0016747783615354008,0.008848301106338054,0.0019864560534839093,0.0011443097011078858,0.5402938301062963,0.006860869079155814,0.002421851833508058,0.4345145411257599
27837830,0.005378229879836615,0.004310162071725508,0.0037621836157131928,0.003003661527668287,0.005302426855520167,0.8189643447447501,0.003647969023647029,0.0055469944032843855,0.1500840278778547
27837913,0.0016960512944078287,0.1451140496806798,0.006386683992365076,0.005282207061820371,0.427161705272188,0.3541123668344302,0.008700727248096918,0.03209245984941685,0.01945374876659483
27838486,0.004431467953426457,0.002915952350774412,0.005416324259680215,0.002960923429976127,0.002473433715713401,0.7795484439379321,0.003342119791831024,0.005086563289908801,0.19382477127075753
27838542,0.001232081201064386,0.0017512363209435076,0.00957287011326472,0.001856973448557546,0.002541604143734276,0.7321240823550876,0.016361728543641856,0.006863159435410546,0.22769626443829552
27838565,0.0026799822434945006,0.0038292591698883575,0.16314592030282635,0.006208363535439991,0.004134793224064888,0.41304234318215505,0.01054388283311688,0.008746170755361653,0.3876692847536523
27839108,0.0011731854846107588,0.0034540220894778086,0.001489526365058992,0.0013049071230649756,0.0028519549558016022,0.9546612640729907,0.01509456927415821,0.003017853215827672,0.016952717419009153
27839246,0.0009378689893833092,0.003022459520230341,0.0017717892813728603,0.0022723347402761507,0.002151872345076301,0.9285724703245891,0.01335465423059512,0.0029152819288442793,0.04500126863963251
27839328,0.0008448336998896692,0.003623942423385921,0.0027383362311099503,0.0050382273606039436,0.005589802840743928,0.9319962158735513,0.009954029595374987,0.005069658910477886,0.03514495306486238
27839364,0.0017105900300578819,0.03052843885450209,0.011062365028690423,0.03035528340743132,0.04247962981625745,0.1425076799836055,0.006004123322589261,0.03906441843419533,0.6962874711226708
27839649,0.0006567895371980584,0.04203835497352476,0.0027118296390947817,0.0029973183128649493,0.01654436207416994,0.8720337738933459,0.01120986575542448,0.009885245448868613,0.04192246036550848
27841731,0.00044719249266413167,0.001624501801005665,0.0027436881489773892,0.002273962047678064,0.0007098901711636245,0.026846029847545222,0.007649202199937978,0.003221577370417301,0.9544839559206107
27842419,0.00032555903252888443,0.003239998290468577,0.0010672736869341568,0.001752960688671377,0.0027322676277229934,0.9562659860697337,0.010815946427250594,0.00506894217103746,0.018731066005652365
27842521,0.0012280838142857441,0.011656407330572917,0.0013321822583617514,0.0017701471923860308,0.008088186954958868,0.9402316400106004,0.01477308579657794,0.003974387679636117,0.01694587896262024
27843188,0.004431312839878786,0.001020532548295124,0.0018991028411756775,0.0005328654623829185,0.000552702952539052,0.12045203733557455,0.7451462102157954,0.0014488369023861265,0.1245163989019724
27843587,0.0015853911412829311,0.005334978854857542,0.0013829798013517676,0.0016617603570688005,0.003406837081913635,0.9591767639584611,0.008704244480303176,0.0030777814647295096,0.015669262860031587
27843967,0.0007861932127512759,0.01459177603080673,0.025105642190441993,0.00745397156729135,0.002905016420443314,0.10078126707465158,0.014797682288642318,0.006286732406685535,0.8272917188082859
27844389,0.00042377893831803024,0.0075744824717696455,0.002332985740601326,0.002142972059688191,0.0020587082286389747,0.348973769377895,0.01570288859651587,0.0032221339348330763,0.6175682806517401
27844658,0.0007061451834219745,0.009831323994426438,0.0014596010141184818,0.0015738780448897496,0.004251722495366514,0.9457457931408104,0.011527246188309106,0.004383228821224415,0.02052106111743298
27844773,0.0014440994784303141,0.0038324624467275074,0.0018083821416878243,0.0016550428888002459,0.0031750161345009366,0.9614158383598808,0.010271706789174499,0.003460067761040558,0.012937383999757359
27844928,0.003660309510966185,0.002299520363822956,0.027532340343985735,0.0035996050453882523,0.0024302987313741396,0.029379957539741514,0.004821677891535348,0.009045697620368859,0.917230592952817
27844971,0.004886306532355268,0.00395982443048523,0.01637513997055283,0.0040724108731675715,0.004074751091157702,0.2543075609946443,0.0026906149134394283,0.007960911840100561,0.7016724793540972
27845007,0.0019163974911316807,0.0031270620895727263,0.06469134103605655,0.005541319652913742,0.0030629921353504817,0.025795854054328268,0.0019126918737829763,0.00997428874547814,0.8839780529213853
27846556,0.0011925238306417197,0.002327621617752547,0.0020892538567559055,0.002014396171183979,0.0020640763410631584,0.955329175763591,0.015000486295465309,0.003993249524319999,0.015989216599226346
27846603,0.000746585214540963,0.004265327155380359,0.0017147296768566553,0.0026209007710968407,0.003681823872491928,0.9426107262813584,0.011024782351554336,0.005021759950959952,0.028313364725760452
27846986,0.004756578146430676,0.0026332075996864856,0.0098295727218032,0.0031826747846531163,0.006599817238614636,0.06702872418412968,0.006871603922726194,0.021914569340097185,0.8771832520618589
27846987,0.002828959263869285,0.0011840897027839583,0.0022130054855107606,0.0009174420371200332,0.001476467681371286,0.08440041049183204,0.00768431242179002,0.00422431291521327,0.8950710000005093
27847155,0.0025259563644718453,0.0012191588362811903,0.001723713736549245,0.0007459017690725488,0.0012590199604868555,0.08664383006863946,0.014099598414096446,0.0024396212437022926,0.8893431996067002
27847200,0.001268419543258258,0.0011741077262539359,0.0015733874969060084,0.0009027003373453421,0.000981657172299991,0.11918505288207562,0.002419291783377837,0.001929411432237304,0.8705659716262459
27847244,0.0009080277151134881,0.0042084619091546415,0.0008805689974850827,0.01071511342835532,0.9661803352980561,0.001732487722811905,0.00042632982759005847,0.01324667540815198,0.0017019996932813581
27847265,0.0012782904034888774,0.0023358586427144803,0.0026128776764069946,0.0014180760004284569,0.005492790109297523,0.09311746582590634,0.003364519963325946,0.005203168440335658,0.8851769529380957
27847278,0.0008050611256655641,0.0006127394425109365,0.0010334671302116775,0.0009647932004443205,0.00046184247672263756,0.015181584615841863,0.0008993983101406526,0.0009628155226605907,0.9790782981758016
27848545,0.0004894976636551815,0.002610260638217633,0.0013279351516961378,0.0011330740990839578,0.0016512943964998132,0.9278366906161398,0.005453642117057447,0.0029850031261236284,0.05651260219152647
27848657,0.007457694467923819,0.024244236382916985,0.01358183060934034,0.03892648680279872,0.551180769355265,0.3095476520685261,0.0036858606720948815,0.013639523331370416,0.037735946309763624
27848835,0.0011891852944560866,0.010759530045259,0.002239884732302212,0.0031942760241446566,0.005566199988250795,0.9289244700659239,0.013206548850385972,0.0056095066345542115,0.02931039836472314
27849022,0.00926174570014382,0.004320051041768487,0.004631149914382161,0.004522142082407592,0.005017534594028108,0.8894895280568959,0.01148503621397146,0.006474943023987111,0.0647978693724155
27849428,0.0014941745033448023,0.008486693556632877,0.001683892122148801,0.005977071192323208,0.015538240860015533,0.906332820021236,0.007064112543196112,0.006852177817597424,0.046570817383505075
27850759,0.0010067069327473594,0.002253049676354776,0.01721501859033631,0.00643777913940696,0.0013029396255459097,0.02138295673742637,0.005028330843904448,0.00615373568207871,0.9392194827721992
27850966,0.001078901887488707,0.0031925476347429553,0.0015110023073423668,0.0018742200514878622,0.0020137197693083186,0.936397621195848,0.010791628471384925,0.003094619180346422,0.0400457395020504
27851107,0.0012968318991798751,0.001575342676584486,0.008963084809430472,0.002291247880224314,0.0011885666057832268,0.025677928458270383,0.0042776217990284585,0.004390647660061892,0.9503387282114368
27852983,0.0035042157158332926,0.024434498680301845,0.008680738979477132,0.0033635254625034895,0.012232942708193766,0.8693572038563154,0.01297930844617992,0.004040585445882152,0.061406980705312995
27853420,0.0016592801476741944,0.16644553927083705,0.017735807744193807,0.06325764991345972,0.1636383558198475,0.055439697305165604,0.004869432982068968,0.03154031546154826,0.4954139213552048
27853492,0.0008266034099835464,0.0010160931028976386,0.007618727410129555,0.001777426896294973,0.0008045793017854038,0.008018369770946658,0.001801747053737162,0.0022552564254237372,0.9758811966288014
27853502,0.0018193607265677549,0.046645315319197495,0.025744320388970617,0.027431400761921847,0.010473147562602632,0.03967002865451225,0.002703414389784921,0.013351328291971063,0.8321616839044715
27853513,0.0017489533170279052,0.004906821912416644,0.0424857348710654,0.012006771343586147,0.0033950010018130514,0.019910570684191907,0.0018425476318416425,0.011384369166414004,0.9023192300716434
27853610,0.0004510334786188249,0.0025444862267068893,0.01423484742771172,0.013111374071678998,0.000912912101958584,0.004934279495486574,0.002541497430254341,0.0031695852407525346,0.9580999845268316
27853619,0.0003135864833007289,0.0014849649117449923,0.0006854359805047526,0.0006818608285458392,0.0011151385833668176,0.9475718639528788,0.011865348607946889,0.0027122389203865283,0.0335695617313246
27853692,0.004595677187505435,0.026446261087535845,0.030251767795220052,0.016816122802092246,0.024606781066174636,0.11489299567551385,0.0025114191864904502,0.024138831833188497,0.7557401433662789
27853755,0.002335440847635352,0.005973579041768246,0.015876239692959537,0.007454545993275304,0.007596825305650176,0.07959292846563985,0.0018376716659364173,0.010234443899371188,0.8690983250877639
27853819,0.0004996032081572116,0.0008111172759819671,0.0025493180812455798,0.0014889355095133285,0.0003032465741773927,0.016885405487466976,0.003906370172362141,0.0017565309561612351,0.9717994727349343
27853891,0.008497558935123085,0.042460105960243064,0.01909887293335264,0.03221641361166384,0.5857632319184144,0.025715201909337633,0.0030336234482468845,0.026314044545452893,0.25690094673816544
27854684,0.0007031246952284109,0.008375678484612981,0.006796520777284635,0.014493926237751469,0.006461109051901907,0.015248115384974222,0.003442788964567582,0.006529192063760234,0.9379495443399186
27854761,0.004165631190465601,0.006277011991388874,0.12820379854882605,0.012912592991001996,0.006718799604066346,0.5193959859498436,0.01680464185177517,0.05051561772436558,0.25500592014826684
27856185,0.0004068095177306763,0.0056517950199988735,0.0015806853460527917,0.0029483728935620263,0.0055115568017040885,0.9040807388402357,0.0042034120979207255,0.009019498510756962,0.06659713097203841
27856524,0.0013595384664862181,0.006121803102314696,0.002540690329858536,0.0026001478344109302,0.0012976673965065509,0.539127184156601,0.07092933357843294,0.0027413505700077047,0.3732822845653815
27858079,0.0002888844112328776,0.0009859445071180378,0.0010175431950238756,0.0005119747921334876,0.00043339727586738316,0.029691223435534493,0.012158790109512433,0.0009520873956867286,0.9539601548778908
27859622,0.003875741275288778,0.0015017481484212998,0.007329077898067706,0.011039723176744816,0.0006454240102519164,0.011605636600705386,0.0036690803811322845,0.0048037952944254255,0.9555297732149624
27859654,0.0001700224854174941,0.0005173065925916508,0.001412760248862016,0.00045647131547764283,0.00019044794405634352,0.004311660764978085,0.003189860799004006,0.0008409482202451019,0.9889105216293677
27860519,0.0011397339324595184,0.00267689691945609,0.0027035838175211626,0.0026539192166262883,0.0018752072475265974,0.9228331321544921,0.017581469512005433,0.006506871157325366,0.04202918604258732
27860948,0.0016472670512296084,0.006191861897214384,0.002334629558758881,0.00290807081574907,0.007577408476047871,0.9405130182045017,0.011633771367767595,0.007405018284086206,0.01978895434464466
27861529,0.0009214584921230573,0.004031700731917848,0.0014883793010958366,0.0008458762232576632,0.0014107986969694403,0.9451993515842007,0.00874214974255522,0.0029534838651460067,0.034406801362734094
27861854,0.0005783424442062855,0.005529963082606454,0.0010633562357073038,0.001187006989724508,0.004018875757007876,0.9261923076863704,0.011016115189123057,0.004921563245819716,0.045492469369434414
27862367,0.0007116070492474139,0.48999866272286546,0.00226581493576926,0.010602704270797528,0.041112632032145296,0.41080358302883174,0.009051885580389317,0.009469457742661279,0.025983652637292683
27863325,0.0006540651037379089,0.0019967393285736917,0.001780907992222618,0.0009566638821742056,0.0021193090208114188,0.9188385162334773,0.013404337771379882,0.005031408583590267,0.05521805208403259
27863342,0.0016957866671741214,0.0029955688684611477,0.0030058157791017933,0.0014716851135643313,0.002203770270930122,0.8266261058583401,0.018014632664515702,0.005414144087959711,0.13857249068995303
27863364,0.00034014097027850273,0.007625768078571187,0.0007168580632839037,0.001269281097394363,0.008368140153638074,0.9599764360051213,0.006977405738496356,0.006017520096607452,0.008708449796608928
27863492,0.0013416217950973084,0.0014644902254106929,0.0025553358823220767,0.0010896473318436162,0.0014303263643741764,0.8998970282737108,0.012098072885520584,0.00393281312341292,0.0761906641183078
27863524,0.001175831209437258,0.0024338213383440477,0.0011346151892417861,0.001017631564405041,0.002966688216209884,0.9300214130400505,0.012605231157338349,0.0035344437114505256,0.045110324573522584
27864385,0.003089075692304171,0.0016045195649181817,0.006381206958421791,0.002450400495248685,0.0012801096581964047,0.8922579585105312,0.022710672219171987,0.007555559303500134,0.06267049759770739
27866858,0.011184384891871877,0.07166543360802329,0.06407172284617392,0.028689813671080533,0.015018262508625943,0.2622930384682602,0.02005580989942609,0.16562971421556272,0.3613918198909756
27867009,0.0006038876433540438,0.004364101234695813,0.0014762289159875024,0.0015825628757963441,0.004204189506471817,0.9493516366971279,0.012197888634583749,0.0046790447179623235,0.02154045977402049
27867295,0.0046675619619734425,0.04561568136117817,0.020716129524261617,0.03341296993260186,0.2922519624155636,0.25804908647503544,0.01707213769352312,0.047120393877574,0.2810940767582888
27867320,0.006318488884484959,0.10348609529583762,0.01050800498919838,0.0157029294298305,0.13977821968834883,0.22348542678356403,0.012255401184504942,0.060958254130861075,0.4275071796133697
27868671,0.0006009782562653832,0.0027628022597507482,0.0029799051211040167,0.001391958002894376,0.0015252556068378758,0.9472679567789637,0.011076378076922865,0.004949006967708365,0.027445758929552626
27869124,0.0011306025651634055,0.01903884501449915,0.004343875449760837,0.0030174743490853093,0.015230507571151927,0.8213477538228273,0.012938587810978482,0.09099815578781098,0.03195419762872253
27871353,0.0008943676724994321,0.005656428916826051,0.002983774836842383,0.003263491803452641,0.011250124596865724,0.9304741446243042,0.012032204335096093,0.007459283570854985,0.025986179643258424
27872065,0.0009549614830980278,0.002418349372128018,0.0027833531421442535,0.0022249845926600644,0.0025741167486390535,0.9295170050510948,0.022593789677655778,0.006323282112319798,0.030610157820260234
27872090,0.001066859736328037,0.002750256378270174,0.0021176270250109646,0.0016830398295261863,0.0022884594428739715,0.9342068748274087,0.02878613660328426,0.0038696284401088864,0.023231117717188866
27872346,0.004976425056840579,0.005894829703867918,0.0025932517749119102,0.00820531399292005,0.9071387724024792,0.0020669284629444232,0.0007993990266669565,0.06258598549764882,0.005739094081720221
27872375,0.002798012889054428,0.00826934050079322,0.0056240045711401605,0.009638709023755231,0.012970026444591321,0.6548219666617784,0.005401568606712725,0.013846145655268241,0.28663022564690627
27873105,0.0005763183680709312,0.0017882180262514037,0.0013062354284309621,0.0010965941892000627,0.0015151575437865926,0.8374264891459957,0.11504157996607658,0.0045951137898341205,0.036654293542353604
27873254,0.0015666779625120235,0.006807596944835301,0.0023597382398916882,0.002256453185359251,0.006472973138015771,0.9478823304813595,0.01071250859709921,0.004853089359530517,0.01708863209139677
27875292,0.00043091816954270656,0.000564502113519893,0.0013661116170241782,0.0009981291898181108,0.0004190599266418147,0.006128781038485442,0.0022059132737944098,0.0011585391988611464,0.9867280454723122
27875536,0.00042276313264403876,0.023076046037526332,0.001032943587136726,0.0016120191231333589,0.011322506527930886,0.93590491426333,0.003031154298942282,0.007930756445249033,0.015666896584107474
27875573,0.000584354888447718,0.0013283800666285702,0.00348196337324042,0.002345714967027311,0.0020014115776267774,0.007112628597421347,0.0014626990176053454,0.001908094031016448,0.9797747534809861
27875678,0.0017764829994549756,0.04734996050186197,0.00308885036343089,0.0027800515805494626,0.09345451023111594,0.7922864133757838,0.008289659700278028,0.015240458827127483,0.03573361242039739
27876547,0.0007119714325528981,0.0029750881330961845,0.0012066659784173575,0.0008137100825710932,0.0017951647599156267,0.9280131909363184,0.02629206817040068,0.003774705230987726,0.03441743527574007
27876652,0.0008628763995329548,0.004624692989574903,0.0015953684776437395,0.0019980129013428363,0.006948585991790743,0.847836474733184,0.0694933025931978,0.0079894360278341,0.05865124988589887
27877075,0.0006642974822504286,0.002803943611634749,0.001630374299888515,0.0011643153248109064,0.002565596755470604,0.8700767307999661,0.08618679409155444,0.008739476573482197,0.026168471060942115
27877878,0.0005791398546262304,0.0014495397179832713,0.005802830444029498,0.0006319341661980335,0.0007954974477935019,0.6834904107651901,0.05131618299780204,0.0033087133443739074,0.2526257512620035
27878191,0.0038697893664641366,0.0061215952432792705,0.0032136740338114416,0.010682346036452729,0.889215427602623,0.003103087978842174,0.001313972597087644,0.07426230854428251,0.008217798597157246
27878419,0.0012122917053169738,0.004844927620181326,0.13414174858183295,0.006693609998429637,0.008635305011024141,0.23662189421770097,0.0430147699252097,0.013110283327328142,0.5517251696129762
27879446,0.0008785166354004624,0.00451749532265204,0.001603229869829528,0.004874716715935976,0.005299235079131007,0.8803166550801393,0.007461884573083033,0.006655976242624535,0.08839229048120402
27880308,0.002991644734605939,0.0006476509546312135,0.0026955762055704737,0.0007331501348175683,0.0004035213081476469,0.005754667456651243,0.15728589853075153,0.001999008580740815,0.8274888820940837
27880313,0.0006554217041884342,0.00039415426944720995,0.0009521825242230489,0.00038139710053491477,0.00021837374837777433,0.0034057903262336487,0.0077867806469318485,0.0006749205012995111,0.9855309791787635
27880477,0.0006907440479662967,0.0006722493136994055,0.003068391817300846,0.0005835643565294141,0.000354925009591784,0.016963335249403248,0.03699254706939299,0.0011178574549545073,0.9395563856811615
27882180,0.000866121488449291,0.00100201854006962,0.003035348800731017,0.0009494417418410553,0.0006017658342749284,0.8519371000163865,0.05654363075061278,0.004214172937376524,0.08085039989025825
27882747,0.010798272492695677,0.06001178419073275,0.026657576059459714,0.0716551511492072,0.049146082433946144,0.0602733672499788,0.013066426547737127,0.14564290713761516,0.5627484327386274
27887188,0.13823289929131974,0.03844286593911332,0.017553279106274845,0.021529502791457104,0.10425353402394917,0.2004466136531052,0.007013599659999335,0.013410205910967346,0.459117499623814
27890575,0.001095463854233017,0.056077761068241694,0.0009734205347296573,0.00616420294137877,0.699726687355763,0.005644503418141975,0.0014164580485680465,0.22616352419357894,0.002737978585364907
504327934,8.895721418264315e-11,0.03277555063822361,1.6659092240018635e-06,4.390696202351798e-10,0.9538257694932258,0.013250536859006488,7.588901420725169e-11,0.00014647443161981265,2.0647843167456053e-09
504328716,3.4770341680812853e-10,0.4123344286853165,1.382042220172196e-05,3.2950756176064934e-09,0.47125438333286646,0.11542563517520579,9.649639859270557e-10,0.0009716769162505966,5.0860416050690555e-08
504329271,9.31126734711247e-11,0.7157646869254972,1.4874940658233759e-05,5.017883480156394e-09,0.08963145806192635,0.19398939320310932,4.384028853003895e-10,0.0005995796102947422,1.709115187776e-09
504329427,3.675194317270808e-11,0.004949692500214301,8.443360969152962e-07,3.6282970274801283e-10,0.9943422503085426,0.0006536505155597829,1.6869140508359294e-11,5.3561883230902814e-05,3.99046412604623e-11
504329461,3.724837074184296e-10,0.08841907681818476,3.2847044251360056e-05,1.6481659126372415e-09,0.04025304412699432,0.8695378463395658,2.20570542561688e-09,0.001757162940329094,1.8504319560215383e-08
504329836,1.407314300018212e-10,0.15347069175468436,3.769780282323901e-05,3.0468629130644253e-09,0.04653313872234507,0.7988955091091408,1.7692856414912383e-09,0.001062952684753021,4.969373547689342e-09
504330927,1.8930932697044065e-11,0.8333604394793008,2.6754696127023266e-06,1.2688814759680087e-09,0.1580869198736405,0.008443375111284615,4.414239885681902e-11,0.0001065878268653098,9.073412269180283e-10
504333251,3.276873519193932e-10,0.36711360984876046,5.5345143875896365e-06,1.4800958620137973e-09,0.09225719471101526,0.5390812908363091,1.1435471010494926e-09,0.001542365515111756,1.6230856503093698e-09
504333643,1.0397164942208993e-10,0.5980212830846722,3.1979269413148876e-06,1.3447325839833524e-09,0.06298598411802428,0.33816123513801405,7.901415140061287e-10,0.0008282962230495695,1.270452923637098e-09
504334005,6.705617836431064e-11,0.2987065377087224,7.323566660727928e-06,5.022432625756655e-10,0.448730864405239,0.25217790087014613,2.9190464694403957e-10,0.0003773719026564867,6.853711698755769e-10
504334043,1.120805318796075e-10,0.5371077748929541,1.944211686964719e-06,4.024796435753245e-10,0.01711180409143593,0.44553879825780085,2.5920478193361323e-09,0.00023967413008715475,1.3094269746540364e-09
504336051,3.7234448818725563e-10,0.21391409197756084,7.013829030458553e-06,1.494774331977355e-09,0.06401674463003372,0.7210628415100764,1.7219128493678257e-09,0.0009992985261160164,5.938150893024292e-09
504336563,1.134212650194587e-10,0.01240729573128694,5.8809793812862325e-06,9.867821509697823e-10,0.9862638202760425,0.0011340852524700826,4.0313797723359696e-11,0.0001889090380275483,7.582274336917019e-09
504336564,7.742497478179862e-11,0.010311003328274712,2.6207419932139964e-06,3.4543426775148333e-10,0.9882401300918869,0.0013231371531993719,3.866094768794833e-11,0.00012310310124006473,5.121885611901749e-09
504336738,4.343651684501979e-11,0.02115128730388498,3.1145299048669086e-06,3.747080749580992e-10,0.9774914801970065,0.0012957174678683537,3.39787795938374e-11,5.8398219333022975e-05,1.8298789635442582e-09
504336762,5.8062552092867326e-11,0.019832484039322883,3.3095224205004485e-06,3.349503893261752e-10,0.9788809470667625,0.0012227475058530736,3.3727295536359986e-11,6.051045432848088e-05,9.84572404119241e-10
504336812,2.8647788048786236e-11,0.013952126535620665,2.509535622783064e-06,4.188024190983852e-10,0.9855806186884706,0.0004114530004839089,1.7680897226371867e-11,5.329147365437738e-05,3.0101656083667147e-10
504336868,2.0526717875474875e-11,0.011149574135719084,2.6177332000850515e-06,2.003477080818067e-10,0.9884977877780821,0.00030989667002587743,1.6212052408615972e-11,4.01231707355738e-05,2.7515072495062543e-10
504336915,4.649965546033113e-11,0.008758938170913293,4.702714434601281e-06,3.457134882784393e-10,0.9903057662755733,0.0008632871740455153,2.615243230718453e-11,6.730446313016922e-05,7.835376166274918e-10
504336920,2.951791926075491e-11,0.009160252639624307,2.097004997384473e-06,6.251293082570346e-10,0.9905650004430873,0.00022143442386032196,1.5032113411380762e-11,5.121461807499398e-05,2.0067639143877668e-10
504337993,2.2735965445168233e-10,0.23059165065621615,1.3110437997846308e-05,1.4881360438958612e-09,0.025131601927088805,0.7425880861658961,5.728964835887658e-09,0.0016755327295841177,1.0638756485902158e-08
504338000,1.9338577928952323e-10,0.12513602315334052,9.055893909249032e-06,8.96172050935341e-10,0.025261593112032354,0.8484320228980017,2.129617931762253e-09,0.001161291429739031,1.0293801566812019e-08
504338862,1.113234037441895e-10,0.07123388686543111,3.167724936706927e-06,2.6719747073019613e-10,0.014842141677707744,0.9135367538747559,1.382348183760753e-09,0.00038404697948875256,1.1168108094187227e-09
504339844,3.8630515180280906e-10,0.22270028218785032,5.409173643096794e-06,5.132802195000984e-10,0.045071039836944576,0.7317052080081525,1.7410364170034232e-09,0.0005180549996259935,3.153161678607596e-09
504340924,3.649195138367873e-11,0.0321491673981071,1.2922670685553718e-06,1.828818362780795e-10,0.9537217743847801,0.013977136994360035,4.429794222543518e-11,0.00015062828290438848,4.091079502259735e-10
504341625,5.998272401322247e-11,0.13318130772874803,2.6369139722255195e-06,5.303328927506764e-10,0.5999277030036358,0.2662028451146301,1.4128908329067533e-10,0.00068550603875915,4.686499465846198e-10
504342171,2.1757281135194243e-11,0.0618202269040761,7.62108503530099e-07,1.9784484056869796e-10,0.909120566733342,0.02876574106452391,4.727406004639757e-11,0.000292702701748032,2.2093025428171963e-10
504343999,2.1296934740968475e-10,0.3591084836754914,4.28630515000271e-06,1.0082373179138797e-09,0.06317492779083357,0.5770620029126347,1.4195161395628889e-09,0.0006502955397386542,1.1354288594105018e-09
504345544,4.564718389693205e-11,0.020486166078988274,1.1333335353636063e-06,2.1981986787260948e-10,0.9359355595737492,0.04345838817388805,8.484520400517561e-11,0.00011875200677314021,4.827536837362533e-10
504345636,3.9611809990145756e-11,0.0024682608781225568,6.32702043519448e-07,5.6848400664076025e-11,0.9959364308880311,0.0015702826221443142,1.582161552591113e-11,2.439274379913719e-05,5.35775271801201e-11
504345932,1.733874830923587e-11,0.007568637432248389,5.516305282629491e-07,6.401516252414404e-11,0.9899506191464658,0.0024428951503896344,3.024061191157372e-11,3.729649767205281e-05,3.110132774655956e-11
504346223,9.53095659355681e-10,0.08371646394519314,1.3319626157786032e-05,6.1634846032860926e-09,0.831350945901714,0.0823625092374293,4.730638616825126e-10,0.002556736045269005,1.7654592656549892e-08
504346364,1.4553092845312635e-09,0.1443480802719647,1.7198595263519276e-05,1.8041249836620361e-09,0.7723098716697605,0.08197402944402601,2.2014947378962494e-09,0.001350785587777488,2.8970278822583106e-08
504346647,2.619863541073569e-10,0.03860499988237696,4.160525117822489e-06,2.7769012662274864e-10,0.9207980418994091,0.040395215624450954,3.37427448929745e-10,0.00019757301836330164,8.173178001405152e-09
504347099,3.756188136996881e-11,0.009929381071256021,9.982451812516485e-07,1.0984083278599243e-10,0.9885992640731772,0.0013911219817745314,3.036788588194527e-11,7.923405356999403e-05,3.972703804301811e-10
504347180,1.3849655919835799e-10,0.009215050771093088,2.605451425889685e-06,2.494400289858703e-10,0.98166690971097,0.009008442372368575,3.106932189943777e-11,0.00010699056816203077,7.069745122746134e-10
504347225,1.6682734970153497e-11,0.008844785806815213,4.1076261505387645e-07,1.7016904537716983e-10,0.9903702703912302,0.0007264893696764866,1.1640824416736453e-11,5.804335487651093e-05,1.1629405004177074e-10
504347329,3.9707918754243075e-11,0.005675678730846024,1.4024872589917513e-06,6.7576711208095e-11,0.991379222699035,0.002836706773912333,1.4804923321133168e-11,0.00010698908618356869,1.0067432272612667e-10
504347783,2.242055407159331e-11,0.003539126293128318,4.203224013163798e-07,4.850802733014792e-11,0.9955885987326145,0.0007231800570468818,1.1357311780070546e-11,0.0001486744712535923,4.12695437065596e-11
504349952,1.9095294334230235e-10,0.3408952106720771,3.438830360610159e-05,2.835133821001296e-09,0.16242288477928793,0.4960439141846817,4.664633630291405e-10,0.0006035767415978026,2.1826199382557782e-08
504350366,2.1975068993468165e-10,0.3606609860306599,1.335554167237229e-05,1.597587954573042e-09,0.051549226448328316,0.5870824572413355,8.283172519038708e-10,0.0006939543022855275,1.7790062579872167e-08
504351424,1.0281740166376943e-09,0.049885377141196244,1.6521899787064528e-05,6.036537768781607e-10,0.40104453375265897,0.5485327573989496,8.704551698195881e-10,0.0005208015482215616,5.756903467783581e-09
504351466,1.5785370199869181e-09,0.09883635725828417,2.2830411797396533e-05,1.2664846133012946e-09,0.3145922472846455,0.5854934130388053,1.9834628914498267e-09,0.001055080828918694,6.634906450704929e-08
504351469,1.3806492590601233e-10,0.149044009212444,1.3388318775585626e-05,1.1221896127103259e-09,0.6880974292314128,0.16099300836654193,2.1276892599012033e-10,0.001852162033360142,1.364441895031727e-09
504351474,6.895269711568933e-10,0.08411356257425218,2.2652916192581328e-05,7.378112315035015e-10,0.10483538772071233,0.8102142262878649,8.137281641323024e-10,0.0008141590112910549,9.248620658858475e-09
504351507,2.626617846440826e-10,0.04746395159218081,1.4142384101231713e-05,3.8154979036798064e-10,0.01713470816548093,0.9348381554084296,6.411713158324622e-09,0.0005490270627560736,8.331126737548237e-09
504351699,2.0054338477187488e-10,0.34416854800634766,5.927345761768867e-06,1.0939113223319366e-09,0.3679579240366046,0.2873786736976369,1.1401797833749322e-09,0.0004889192671768381,5.211837599370907e-09
504351768,1.6082336172918865e-10,0.07276939717979493,9.807170790933641e-06,5.874807604697729e-10,0.6847896404519838,0.24200809523099107,2.47990270235842e-10,0.00042305609615684236,2.873988025015347e-09
504352727,2.777891991121707e-10,0.11226310045953122,1.7982118486643123e-05,2.7827441102508365e-09,0.8542391281527557,0.03248996523137234,2.703078432773988e-10,0.0009897704640780727,5.024293489061046e-08
504353018,1.3527901007231663e-10,0.7120292962026754,0.00016148663893433062,2.0777402595173918e-08,0.1500393582600614,0.1363231006711268,8.531331187137049e-10,0.0014467326961771132,3.765210292558038e-09
504353426,1.0043406873392435e-10,0.849671227486547,8.189685010880294e-05,2.40593679505838e-08,0.11014927891386861,0.038856084463432985,3.9219565117931865e-10,0.0012414866648969621,1.0691479591339725e-09
504354365,5.533705477252354e-11,0.07621665826284733,5.505160118198644e-06,5.832828786279598e-10,0.6945949646155107,0.2288985615086341,1.8428183584851563e-10,0.00028430931581607544,3.141717796588688e-10
504355126,8.028625921862013e-11,0.7480808277437726,3.513149798731497e-05,7.006703714875207e-09,0.16121565166441412,0.08981240654951857,7.956579236595286e-10,0.0008559740004673737,6.611922368265679e-10
504357330,2.0653876810856831e-10,0.3414714405992852,2.9699029059682637e-06,7.240256803021229e-10,0.04426857960943603,0.6136839979675632,4.51194355005983e-09,0.0005730059546244214,5.236771791065726e-10
504357667,1.7409373515366233e-10,0.39801563618027697,2.338235544594246e-06,5.982822253716474e-10,0.29284439433084,0.30851061665188273,1.5802814167312653e-09,0.0006270088265158844,3.422282534494073e-09
504357830,2.8760435409753487e-10,0.08857064837033667,3.266857110703212e-06,3.1675354212708587e-10,0.7653113284887626,0.14577492763285888,3.6482597104004464e-10,0.00033982150649346763,6.1752538758549716e-09
504360233,3.0142686829319965e-11,0.32003969783848685,1.8858811196619887e-06,1.010818723641898e-09,0.6225020120690922,0.0572298308706799,7.364403802091091e-11,0.00022657124475564079,9.812604073336655e-10
504362035,4.079964343099397e-11,0.9635453068054497,2.2674973083478018e-06,1.0645072955542256e-09,0.02733749244089017,0.008923218279298957,4.3629344705142067e-11,0.0001917121370957542,1.6910207936439976e-09
504365115,7.28102839716618e-12,0.006116315768680274,5.704908846871445e-07,2.240274641455708e-10,0.993648620701756,0.00010437861352106076,5.648601868914918e-12,0.00013011417334342438,1.4857562520751576e-11
504366525,2.3351864546125354e-10,0.3031371547994044,7.964654499194555e-06,8.198873300647494e-10,0.12749714844594548,0.5683921819183098,1.1841212701339145e-09,0.0009655384976200237,9.44669405120132e-09
504368253,1.9050741881601227e-10,0.5654630244836135,3.0988645685657654e-06,4.362003935561546e-10,0.06131173859327516,0.37289197838818616,1.0997245482867752e-09,0.00033015590256422323,2.0413600222822945e-09
504368381,3.858420666264957e-10,0.18740884277567732,4.7324049529993896e-06,1.0859224660169096e-09,0.3314212489219447,0.4805667621153585,7.634903479421094e-10,0.0005984077074055097,3.83940604326965e-09
504371163,1.0648409076389092e-10,0.10889268350575217,3.3446096764678392e-06,6.534877754906519e-10,0.024145336258980726,0.8663872199472051,2.678974619039862e-09,0.0005714104494857411,1.7899532645322972e-09
504376962,2.4115411142337233e-10,0.2442030165965529,6.979627727151811e-06,8.809127162262811e-10,0.021783932730991155,0.7333624461096434,5.5386395646600294e-09,0.0006436130056858292,5.268693252974091e-09
504380857,9.772410264080524e-10,0.33921814110763154,1.709845918564152e-05,1.669208660599469e-09,0.37358174754720314,0.28563647491096833,3.765193550798687e-09,0.0015464211856452954,1.1037772267096862e-07
504381584,2.362318761305647e-10,0.49492012004021974,1.3644182863420915e-05,1.974574109365693e-09,0.031245863134755855,0.4724378552577852,4.9387338483131644e-09,0.0013824879847825122,2.2250053327632656e-08
504381589,7.846404035936147e-11,0.050587401644016775,5.910258719756843e-06,2.618305027351208e-10,0.014039459794129133,0.9349452133022924,2.229710435166056e-09,0.0004220074163011986,5.014535838118597e-09
504381831,1.7564612165517284e-10,0.23286904557780153,1.0210048494819421e-05,6.60280801183515e-10,0.1588522508369946,0.607727725420285,3.8726522933042753e-10,0.0005407536736846627,1.3219547325757114e-08
504382069,6.09850946601218e-11,0.5565307260744263,2.7660070455227315e-06,5.107847581851784e-10,0.3653433625960467,0.07787878454127871,1.6555554041517e-10,0.00024435507997487023,4.963902522005274e-09
504384590,3.0971342406683316e-10,0.0835147934685724,2.3783016368730084e-05,1.0228801828621658e-09,0.05856668726117858,0.8557663951774495,2.9722508436905023e-09,0.0021283300557583497,6.715828075259247e-09
504385383,4.650196259626798e-11,0.04446021431862991,1.6639841925783508e-06,3.7786707306512333e-10,0.023092475095296456,0.9320531621893933,1.0577164831396126e-09,0.00039248256665635654,3.637458630432328e-10
504387218,5.5541607142274813e-11,0.032214680790269734,2.2044441695474455e-06,3.422596440424616e-10,0.031663189901764,0.9357433306982272,9.50598046420268e-10,0.0003765920921401717,7.250300623474869e-10
504387287,5.6038916952228726e-11,0.02373491062477455,1.6876505394903819e-06,3.137605522666205e-10,0.02753320164201987,0.9483911662947333,6.872515728263389e-10,0.00033903225370608556,4.771756583348661e-10
504388681,1.0184062942066591e-10,0.2914921323534768,9.070565394419522e-06,9.912188776047728e-10,0.128833264217286,0.5792903889397325,1.0192361675417722e-09,0.00037514031038094994,1.501433733615986e-09
504388798,1.7087988191842234e-10,0.07823338440028191,9.457742568824271e-05,1.1074932229848272e-09,0.032393182550243954,0.8885169811853489,2.507729179911349e-09,0.0007618465581268635,2.40942076799065e-08
504389816,1.4770042419892365e-10,0.6663246658805271,4.9543945951848306e-06,3.1967418481866444e-09,0.2174539443362134,0.11407801906236702,2.499097972907752e-10,0.002138412010058316,7.218869463107758e-10
504390492,5.389762547962896e-11,0.06082881761102254,3.8000560232425988e-06,2.5908464721704976e-10,0.02752763462275986,0.9111241860869204,1.176082862565971e-09,0.0005155591772197131,9.569891618646448e-10
504390493,8.124401864139684e-11,0.05197964265001504,6.824559860585211e-06,4.0951585008305014e-10,0.02111001234038192,0.9263446665589647,1.461375404757269e-09,0.0005588473209704581,4.617671957523866e-09
504390545,7.807964366922891e-11,0.4922023811157637,6.002854269735547e-06,5.953037571234285e-10,0.033309684604797316,0.4742018331290587,3.845903460153711e-10,0.00028009323676219186,4.001374588681961e-09
504391576,1.8105259095053937e-10,0.22962134153665625,2.4502150873984626e-06,5.803257645820231e-10,0.48947174230767476,0.28044285378135353,9.774897490273696e-10,0.00046160936720517114,1.0531546152223511e-09
504392332,3.405951400612136e-10,0.20871572394519866,5.399526990901267e-06,6.110963782411548e-10,0.16292536149292056,0.6276919886515558,9.654326349133893e-10,0.0006615228806745,1.5855354761967563e-09
504395066,1.4455265199076901e-10,0.20748421816099996,2.8736524984215174e-06,8.027747622933924e-10,0.7626519038534121,0.0297259649702974,9.712903071189177e-11,0.0001350362321108392,2.086224749358847e-09
504395322,1.7817331759082904e-11,0.06888551386754377,1.933198932141911e-06,5.36232037014185e-10,0.9007328452928216,0.030270380854256623,5.397809801913716e-11,0.00010932606705920772,1.1135925389154231e-10
504395895,1.6284368677749192e-10,0.04946054631003668,4.0615024040801766e-06,3.1381838071846616e-10,0.013411796542690618,0.936761894138032,1.5531570423395473e-09,0.00036169706459863126,2.4124188159623415e-09
504397336,1.1075679377959564e-10,0.3599942054147454,4.070928221314091e-06,2.647337226490556e-09,0.5295873674841981,0.11015494361889573,1.1014621011160423e-10,0.00025940933742265367,3.4827649386186866e-10
504397863,1.2070626523209731e-10,0.07042394953565138,6.0544569188727014e-06,5.153396175090953e-10,0.030625026947721512,0.8984533954274,8.003188012058785e-10,0.0004915693902728103,2.805670896505248e-09
504400079,1.1223827594806371e-11,0.2760919424168138,3.667121972963611e-07,2.810268779396965e-10,0.721595053831012,0.00228320470226024,1.1363132812440632e-11,2.94320196587794e-05,1.4443988439252959e-11
504401003,1.8220919054768564e-10,0.17438549277486892,5.402793220686486e-06,8.82408146131065e-10,0.46983680509988535,0.35545217737449025,1.0373238765934732e-09,0.000320115761326178,4.094267428758495e-09
504401036,3.0286030589604877e-10,0.3591037044182154,5.296473283273941e-06,1.4805752331529076e-09,0.13065083136838077,0.5097580595541612,2.2945106228508594e-09,0.00048209551597997054,8.592033339262297e-09
504401676,1.123136257962417e-10,0.10775003906004621,1.7032351534075194e-06,2.701001265544981e-10,0.6225002149821184,0.26941923077523744,7.491669161261436e-10,0.00032881049329773634,3.2256634834024404e-10
504402555,1.4831092733229634e-10,0.4887019794505604,3.1349238398449476e-06,3.7943515612835114e-10,0.15034570479355525,0.3606507878515785,1.86967081278049e-09,0.0002983897578456404,8.252034544306861e-10
504408291,3.6642314344411526e-10,0.2616021912734654,9.222890210464742e-06,7.611085384283667e-10,0.3164259105472753,0.4216105142687356,1.1807573880861226e-09,0.0003521571977063964,1.5143177486681535e-09
504408409,2.741376029050451e-10,0.1164437652563648,6.038960826973423e-06,5.905661397985939e-10,0.7096550077873183,0.17350117102900042,3.8285126948655674e-10,0.00039401538787234747,3.3106218356729485e-10
504408471,5.259061591251073e-10,0.11859967905455311,8.733034350699383e-06,6.100312391881065e-10,0.2021460977944431,0.6788602143241712,5.556933229652466e-10,0.00038527334082165106,7.600295991727089e-10
504408632,5.024458290952952e-10,0.15020465233224625,2.6129413758890082e-05,8.814319001432776e-10,0.03664651349385075,0.8127388581132644,7.440352668097294e-09,0.0003838335478951127,4.274754225748902e-09
504408669,3.4730955214534206e-10,0.12535604828304536,1.665309941089866e-05,6.576643474786442e-10,0.033137822781009234,0.8410216310715303,2.9715365423192384e-09,0.000467838935050716,1.8534431231758144e-09
504408824,1.8348737615768274e-10,0.23901758874030446,4.4492379355729405e-06,4.757480333819332e-10,0.044865653116199854,0.7157645111570244,1.8242404574633688e-09,0.00034779460925732554,6.558024791736671e-10
504408952,1.0544762595766929e-10,0.05941175223505228,2.346478458948484e-06,5.706141307707144e-10,0.8184121395560848,0.12188679725793315,1.3994688048161384e-10,0.0002869629661875247,6.902746661140146e-10
504409199,4.4526562790323257e-10,0.2719728763276934,2.4435178022461873e-05,4.257756624131539e-09,0.05401267874323491,0.6736739126180127,1.982367572351882e-09,0.00031608014424115884,1.0303405684660862e-08
504412460,5.40087616139078e-10,0.07768381424657515,6.766575701188419e-05,1.797920544532587e-09,0.035352325987574505,0.8864390727224623,5.622127747219122e-09,0.0004570984185848005,1.490765550006992e-08
504413297,4.881189214638548e-10,0.20951338091523225,9.311370755173905e-06,5.095676500891777e-10,0.15627326486178084,0.6337970266854851,7.71401300021938e-10,0.0004070118077671945,2.5898916464891673e-09
504413469,6.330395028467133e-10,0.5047850962318415,0.0011916852303055377,4.405418929628064e-09,0.07737970059300751,0.4158569657030904,1.354743766589509e-08,0.0007864969469320773,3.670892694204039e-08
504413580,8.626280879447293e-10,0.17793105078015098,6.61701882262595e-05,6.807701233157829e-10,0.11293171118606059,0.7083226066651429,1.3361958707085292e-09,0.0007484542291823009,4.0716429271940626e-09
504414977,4.5720294449581483e-10,0.5239643451109846,0.000818723762163833,2.8552529683343203e-09,0.07114290576172087,0.40343744706194606,1.2363248242510364e-09,0.0006365699855728969,3.768831089051819e-09
504416303,6.680544975165999e-10,0.22536150530938945,0.001169741770758027,1.6584171180764208e-09,0.08526968776232693,0.6874033269397022,2.486420857301208e-08,0.0007956313449808461,7.968216226709771e-08
504416469,2.785071426533376e-10,0.336425515491616,0.00015580690479626203,4.774649689299549e-09,0.4428041489318306,0.21910265818458916,7.532403818707577e-10,0.0015118574691765833,7.21159416776354e-09
504420292,4.812611179053362e-10,0.07459596802708965,1.534921498856158e-05,6.322941184877284e-10,0.03727428857530537,0.8874192173211901,1.5318267916487995e-09,0.0006951733773144668,8.387297207649668e-10
504421020,2.074174846272215e-10,0.2996903667565206,1.620362712853504e-05,1.630915275428048e-09,0.17021629978409483,0.528815044752686,1.2996047588137927e-09,0.0012620810872204242,8.544120456213849e-10
504423211,2.2367019206789054e-09,0.739622493219,5.216544695731333e-05,6.563087981276582e-09,0.12936628996402735,0.13012698292639743,8.958783555836904e-10,0.0008320072014281659,5.154652152790357e-08
504423619,2.0823028749767937e-10,0.17158802606078047,2.3603618416232168e-05,1.41792536493542e-09,0.042716975401934684,0.785245367889059,8.120668663034087e-09,0.00042601142851280376,5.8544724601409885e-09
504423775,2.0051174446449716e-10,0.8219225900366912,9.967311125922352e-05,5.427847553747471e-09,0.04041915530950588,0.13707910606321239,6.300088411823138e-09,0.0004794575217813579,6.02910231581149e-09
504424204,5.246619194414424e-10,0.42391513486614446,0.0002922308490572249,2.2560547568718676e-09,0.06651663574927472,0.5034743479331035,5.037712016808375e-09,0.005801600895385153,4.188860614909982e-08
504424299,4.965541766905438e-10,0.09454266389820176,6.812066186727104e-05,8.436651304745867e-10,0.02526376584327739,0.8777920828144877,5.190041721392934e-09,0.002333320568044849,3.968385986276566e-08
504426029,1.3375227430556412e-10,0.03014250269398515,3.475579300576044e-06,3.579942890592622e-10,0.014802327354421357,0.9548317458783276,1.3013571378183227e-09,0.0002199458081165233,8.927450970123967e-10
504426195,1.178590504343357e-10,0.03599626348703242,3.371307336084806e-05,7.883307718592705e-09,0.9529665836517806,0.010866371580431765,1.0518056254954949e-10,0.0001370598561876404,2.448594773968627e-10
504426301,8.056909324027421e-11,0.03847419727891406,7.051648251476186e-06,1.5855608563663323e-08,0.9594835400872158,0.0018769825475317724,9.101361731975063e-11,0.00015821215224873705,2.5864682570720117e-10
504427057,2.746387204884892e-10,0.013757835801370053,2.0081009683215546e-05,1.4103777163882594e-09,0.9847376951391942,0.0012776394677252187,2.6665050447752593e-11,0.00020674678356116506,8.678479269364754e-11
504427389,3.6273427554244074e-11,0.008245119755339434,7.144915140075829e-07,5.5327598012419e-10,0.9914267681098757,0.00027011454593077965,1.3834789704695633e-11,5.728247039453867e-05,2.3561433970243365e-11
504427939,8.677327782824399e-11,0.011293515802730365,2.12625978427855e-06,4.2342019416123163e-10,0.9878526905115912,0.000778307577552309,1.713691724220559e-11,7.33592923503533e-05,2.866123508918006e-11
504428006,4.0015402333516656e-10,0.041978732836322086,8.550616496573253e-06,1.4005743854697625e-09,0.928808930805377,0.028555332385390396,1.4653850618102046e-10,0.000648449951453493,1.4576934655392742e-09
504428022,5.361927090308575e-11,0.0072445324647123594,1.2826745770699967e-06,1.210490545440781e-09,0.9923103398247883,0.00040196495850231863,1.3094868105881376e-11,4.187877019633768e-05,3.0018943246483473e-11
504428239,1.8536735836471408e-10,0.021516319706366548,1.1813950641846592e-06,2.1513707475714565e-09,0.972162487495826,0.006214941768823248,3.609365456045484e-11,0.00010506716771166083,9.337667988590015e-11
504428249,1.1538325373328782e-10,0.008010377598900834,1.2498302917035695e-06,4.967915808560417e-10,0.9908412505114566,0.0010517590274736982,2.0912736108690225e-11,9.536230999705502e-05,8.87926698955187e-11
504428395,3.751724450168839e-11,0.021868126811332936,1.2866324397098207e-06,8.986950274667788e-09,0.9732331646555686,0.004824919078376071,3.464603765842067e-11,7.249371945829165e-05,4.371083878055223e-11
504428424,4.627077173222229e-11,0.00806675414740393,5.91320639286717e-07,4.49730439063132e-10,0.9910822837335569,0.0007361046571108503,1.789726670781934e-11,0.00011426554336613136,8.402456042439964e-11
504428819,1.6429585439803682e-10,0.4673977481778897,2.1091766019129522e-06,7.952721386167337e-10,0.4374786824890368,0.09491920447756672,1.2236622445165506e-09,0.00020225175869916914,1.7369752374858005e-09
504429299,1.9171085173210294e-09,0.31070141071733093,6.931809188921252e-05,5.165616223083929e-09,0.2873510744332549,0.4005402644527834,8.25021758562577e-10,0.0013379205965774173,3.8004175973231534e-09
504429339,7.02748803253323e-10,0.2146665400786529,8.413853399833504e-05,1.861870941230346e-09,0.19202908823516504,0.5919896112671544,1.8636504121873148e-09,0.001230611928056529,5.528702711503007e-09
504429343,3.9265817811391837e-10,0.20302500102565166,8.088415804252416e-06,6.846365756299702e-10,0.7256819179396501,0.07083937594460672,1.9024377965255966e-10,0.00044561422412625916,1.1826224354136135e-09
504430437,3.734135361419828e-10,0.06703095975162236,2.3652138479992837e-05,6.503921415880781e-10,0.020375493606297323,0.9122433463065218,1.2247925646086916e-08,0.0003264940848737913,4.0840473393869635e-08
504431398,4.1162996546058425e-10,0.19785233713105996,9.879056908990092e-06,9.22225862276872e-10,0.45054361998160647,0.3511254622973217,5.440407955631881e-10,0.00046869825077500024,1.4044311636631053e-09
504431611,5.799848648775736e-10,0.21715848180026673,1.8445687156046914e-05,6.312567295912977e-10,0.11470698423604929,0.6676611818168612,1.1586971287254054e-09,0.0004549023511058319,1.738622234198751e-09
504433659,1.8930042263247003e-11,0.2502424974946553,7.199024171188241e-07,2.1179968469833752e-10,0.6778559733584003,0.071805791120243,7.081066417743719e-11,9.501777471985682e-05,4.802407403203881e-11
533174543,0.03133569231839919,0.02434459669676665,0.009452668298428002,0.02590946872318665,0.22565179118070652,0.09090144492082304,0.016160534020290704,9.11862889482249e-10,0.5762438029295365
533174547,0.15580785533516242,0.008683838009530702,0.012296065906358612,0.21859099660707662,0.07198538894253426,0.019147421457428676,0.015199844187622331,1.2084392265153605e-09,0.49828858834584727
533175655,0.002698144407583775,0.010705085644466929,0.016189956858996785,0.01546854213676225,0.010670231888696067,0.08820745936077674,0.17460052710179422,1.7638372476480173e-09,0.681460050837086
533175850,0.02874423430755328,0.015386587738810874,0.0018142019166447277,0.03120548492816749,0.5901591924125638,0.11580665584906964,0.02202627272332583,1.0245158966702217e-09,0.19485736909934853
533177196,0.003813966010821982,0.06519706091143969,0.012888234659710252,0.0619704314067875,0.4191226639237437,0.04091683740317615,0.014278019828714732,1.8513826283443763e-09,0.3818127840042234
533177275,0.00822401093573144,0.02833690886183535,0.004660750169639838,0.023048549341229116,0.17852981670358473,0.02530321938165053,0.01867342640169456,1.7204736407215354e-09,0.7132233164841609
533177327,0.022501770080901408,0.038418773022506986,0.01322260088757915,0.02575777334140315,0.14833943334605373,0.04601200126099375,0.06456109593449712,2.4547187226100105e-09,0.6411865496713459
533178326,0.006430273343543631,0.004035257504487871,0.00010001586381018598,0.007543021857964703,0.9661458765668637,0.006390101268080317,0.007336390199865487,3.0913488653969636e-10,0.0020190630862492224
533178451,0.02832829714419528,0.004511194160574546,0.00020362734913345254,0.004677215776382433,0.9371788878263947,0.00928907655806107,0.008933751958659777,4.461657669199198e-10,0.006877948780432979
533178511,0.05476689318137383,0.004123802682000427,0.0003889096300090241,0.009727056850781304,0.8970318142249625,0.005830403536438045,0.006564305912246639,8.436596160515626e-10,0.02156681313852863
533178855,0.0024684607682900254,0.0017320022311657528,0.00011487283897063573,0.0049071858365576666,0.9863489313211795,0.0010626288983313934,0.002264953980094742,1.7467418771665576e-10,0.001100963950736061
533179869,0.000855316470916952,0.03111318300124815,0.0002869570333888075,0.012347955480789296,0.8276874694437995,0.09449012639321977,0.01969278819675242,1.6349590373338066e-09,0.013526202344926203
533180924,0.6125928626734077,0.011518232672011103,0.0005447181387519211,0.008716463036242439,0.2655377183943327,0.02980615407634469,0.06009322907349056,6.085587460615315e-10,0.011190621326860129
533180990,0.0004616237979578699,0.007665816715073661,0.000478668627287889,0.010791568718333694,0.9736822914873277,0.0024178070401149354,0.0015285707504769368,4.502388344986304e-10,0.002973652413188389
533182136,0.0016378927147900916,0.002566484035766029,0.0005463757775221072,0.003284818714846194,0.004087197457902458,0.8311905656940626,0.1357050663482432,7.160315311708013e-10,0.020981598540835814
533182633,0.00022868588689626746,0.0029597534202860033,7.273466149432207e-05,0.039205257920384345,0.9543000698061652,0.0008929171537707257,0.001350867441744086,9.02550035482856e-10,0.0009897128067089568
533184860,0.0032501593289308637,0.01429657820875144,0.0002665370530432973,0.009515418053473678,0.05288622390937796,0.7924494788240037,0.11740617453982412,1.3829102138374783e-09,0.009929428699684748
533184862,0.0008568159795158732,0.00414418275808431,0.0003738157018804373,0.004632413394904637,0.006362672767532005,0.6379710485609225,0.3160191674353221,6.738937792300095e-10,0.029639882727944385
533185108,0.0011739445412856705,0.011218035941176973,0.00040593338530157654,0.014916993621086085,0.031253422451271565,0.8273859674745635,0.0996461128327133,1.7073433242204743e-09,0.013999588045257767
533185721,0.00043635280292547257,0.00693829359593496,0.0001833740594250886,0.005152808744260728,0.012149062995073423,0.8157567210528721,0.1508492543486346,7.997405510362128e-10,0.008534131601133107
533185873,0.005412832096221,0.027424419095484535,0.023147276154995056,0.035187744881629415,0.03581238624836233,0.6098375255527324,0.0909903308218737,1.3353015130625583e-08,0.17218747179568644
533186174,0.009502280466750277,0.025293971428333437,0.01717774500730622,0.03264183320722679,0.04717117087160772,0.6147349402622071,0.041690078151171255,4.698644120885988e-09,0.21178797590675316
533189525,0.002119750975626723,0.006324396921098535,0.0038984689365912976,0.639384916060055,0.26805886526397404,0.001891503077836885,0.0028938394964633926,1.2735614849914722e-09,0.07542825799479272
533189863,0.000390161064361574,0.021622148072050228,0.0006047579759388467,0.9202065847786172,0.027703709646421413,0.004018249537724922,0.011608498061466528,1.1892408166411027e-09,0.013845889674178598
533191217,0.002424507338616844,0.1100533237225312,0.005844709957498868,0.08293345714488175,0.05100179290518808,0.49257497467829103,0.1127761018710773,3.7772423396434746e-09,0.14239112860467265
533191451,0.007015821351075088,0.005543284640621423,0.0026771759506797423,0.010523802209008577,0.00771180766118269,0.14564224421175714,0.2624757656654382,2.12119532524547e-09,0.5584100961890419
533193707,0.0059731556831236635,0.046637072430017246,0.0013403338092636405,0.013953455666021908,0.17801683394170856,0.6396306309242895,0.04885865120244439,1.48109933589924e-09,0.06558986486203182
533194041,0.006719844688306771,0.014796945073517075,0.0025573851945612093,0.029292854368074894,0.02641547909612959,0.20748946675108776,0.08060484685805347,2.0856508861446706e-09,0.6321231758846184
533194885,0.0015860693590494977,0.08655372577361371,0.00041878937123047467,0.009499282754144002,0.16528183673987845,0.6567915013559242,0.056805971147206286,1.3995227635929566e-09,0.02306282209943067
533195438,0.006098176812962018,0.006821169933748745,0.003634363482458564,0.07244684240474683,0.012948756776494494,0.011109317704580261,0.023401347316728292,2.4936849609950534e-09,0.8635400230745958
533195444,0.006344098881582801,0.004966365397383013,0.004057714053454226,0.013567869527224852,0.0131455482904067,0.014959260103023408,0.03299280901497477,2.358075534007085e-09,0.9099663323738746
533195449,0.027546258674003836,0.0072025789751232585,0.006290374104276534,0.023871772286973507,0.009535845373969025,0.04866553209165847,0.06492150666361336,2.15631332335477e-09,0.8119661296740687
533195473,0.003071474073581716,0.005565089226687071,0.003686014218071436,0.00509173139300593,0.005836454774923715,0.40316163081639583,0.21977127473267624,5.740527272897404e-10,0.3538163301906052
533195485,0.005507062379668709,0.005456402021484811,0.002329276576118844,0.01832119178664119,0.009221045732710672,0.05588631938648365,0.034288596871617866,9.959535634445058e-10,0.8689901042493207
533198040,0.001992873319431259,0.009744379501903872,0.0019345923033807523,0.012962155110582683,0.017370010405090827,0.6780188068319828,0.07630192736174357,6.08323233409271e-09,0.20167524908265191
533200264,0.0011449700032675428,0.009869274137740514,0.006395271035688831,0.8345379589021747,0.02646153501010523,0.004483595196059117,0.004880265160936419,2.480193421229435e-09,0.11222712807383427
533201480,0.021281646975714337,0.06875809939877614,0.0011985979026777661,0.04546767969884703,0.38078846064327077,0.16661207458756672,0.0202547589137192,1.368671093934025e-09,0.29563868051075703
533201498,0.023493094629028,0.029125305713214183,0.0038056641164628414,0.0991546727495952,0.4300558042497865,0.18086779636104677,0.0149543625007488,3.147521524147747e-09,0.21854329653259616
533201854,0.0015552796392311707,0.11152109742802757,0.0007615695552240852,0.08593239417616415,0.4988033385015117,0.10639694819450024,0.010940612167194023,1.2268314279053522e-09,0.18408875911131548
533201920,0.0012150409060477784,0.300518298582756,0.0015628826519616871,0.1546977733080867,0.07662791436345597,0.2895264326200938,0.03699986272986301,1.2244134314285398e-09,0.13885179361332153
533202120,0.0010892893189552383,0.014514093204939713,0.0009508465994927039,0.011188147198004875,0.03364112970370747,0.7238662183517828,0.15235531361003674,2.5656755383416122e-09,0.06239495944740498
533202555,0.0009110499987226038,0.011141536428480916,0.0002186155783654684,0.00635457958399284,0.01667305162596029,0.8551017174369581,0.10133276147007933,4.591505385130104e-10,0.008266687418289894
533203002,0.011938323645004266,0.021908669773844862,0.0013005256423053392,0.07932073706320546,0.04663745723981618,0.6453761703403453,0.08017390122339293,4.330902810590138e-09,0.11334421074118281
533203019,0.004063942089702772,0.013584796281279067,0.00753566788390269,0.6908676624492415,0.0636894100548653,0.007911629559938807,0.08946648868534593,1.2091613761568811e-08,0.1228803909041102
533203438,0.0006520753848854632,0.03589629930192292,0.0009710494184034354,0.5485304502377683,0.3036443608965424,0.003856176963738556,0.00997418846691589,6.25049493488339e-09,0.09647539307932819
533205437,0.0014215311326217458,0.011221188389094108,0.0007835523387035086,0.010056801892865078,0.012021934915844183,0.8424033664899505,0.07126008714366971,9.91532990113191e-10,0.05083153670571834
533205770,0.009162229018101476,0.019629283656510683,0.04868609786099011,0.38313642795076347,0.058665043651906945,0.231113371382656,0.05694959813278005,5.6397465932981914e-08,0.19265789194882518
533207497,0.00662978486376771,0.009185458976948219,0.008056329335815314,0.029776261817683548,0.019915307416525044,0.7629439416460269,0.0701269960644159,5.1563735783602355e-09,0.09336591472244374
533209071,0.004438918594807063,0.004849247207415972,0.003458859742352824,0.010064035286599762,0.007565629374629128,0.39002367219858686,0.2996016253905803,1.3992950559116656e-09,0.2799980108057329
533213890,0.00020037498532946577,0.015283937672523175,0.0002431413298663373,0.011833029929471394,0.945492790839507,0.02160837737391433,0.002410946996916875,4.329806383995336e-10,0.0029274004394908622
533216743,0.0020171922652012703,0.029187214774701382,0.001308940716160307,0.0647940840878323,0.03365669810500648,0.5830436279094413,0.0846383882411946,4.471422040754862e-09,0.20135384942904022
533216785,0.001259367482783726,0.00917005767404642,0.00031089748441893533,0.00716041200879972,0.011565194998924659,0.8449174685955814,0.10146642413696878,8.495838203414805e-10,0.02415017676889265
533218853,0.00028757811461199717,0.002571789909096033,8.090811224733335e-05,0.011026078746336116,0.9824439335174666,0.0017613128276653166,0.0007902290691979162,8.62110395753877e-09,0.0010381610822745937
533219145,6.337084325517867e-05,0.00478417616898022,8.301592900293326e-05,0.06701032675233762,0.9248080920706725,0.0019299700591836084,0.0005966969133667054,3.335277968224314e-10,0.000724350929673508
533219629,0.008707292006006737,0.011843763843119916,0.0013260824737631423,0.020844978971044877,0.024152812822049924,0.4340964195932636,0.46733700144089013,2.930530547104615e-09,0.0316916459193311
533221725,0.004184789558253562,0.09887263509554364,0.0293327049044906,0.15423713677825696,0.010107483621752804,0.019118176967823117,0.03810773790650009,5.3762215857688695e-09,0.6460393297911577
533222260,0.0013565658323896916,0.011312828985387418,0.00041091124378419923,0.006319335846518034,0.014921589837034092,0.7934995204002486,0.16056736299408886,1.6297782078474374e-09,0.011611883230770682
533222765,4.980475844505742e-05,0.021362643717973476,1.162412682408583e-05,0.003083461598121916,0.9748219254115646,0.0002856188876630698,0.00021966766233570223,6.522854792734997e-10,0.00016525318478650868
533223218,0.00030403934957599904,0.001214775033433099,5.5142555198158574e-05,0.01028380350267598,0.9870921998358706,0.0003747733844536058,0.00030883152085769706,1.0341786416568482e-10,0.0003664347145170607
533223882,0.008206616681160359,0.010802306556925002,0.00019520421988743013,0.013363204960804696,0.8719670555888814,0.05795526853367407,0.005884921001789336,1.5167806976657933e-09,0.031625420940097036
533226274,0.0006291474209075905,0.0782387533137993,0.0008573817237787191,0.613690402582564,0.2389866691949985,0.000987757312599351,0.002085812205246736,1.07937365418194e-09,0.0645240751667322
533228737,0.00032390143084891874,0.0007502514175185776,9.385269567783485e-05,0.0008166548572666962,0.0007354416735210474,0.0030630135127553636,0.9821881222972925,9.304988339969951e-11,0.012028762022069176
533229360,0.011915124773950802,0.013453170037513425,0.0047952820459085145,0.4336173285933666,0.16118486527215312,0.2725570647409312,0.051732345170342364,1.7860610439996765e-08,0.050744801505223584
533229362,0.01512181070944012,0.010811945185954195,0.00992260568513228,0.09627519141532975,0.11463189477667494,0.25888069133558517,0.08972286337327916,1.5335003051185158e-08,0.40463298218360133
533229379,0.019842932263524866,0.012894472282529722,0.0022704038302679137,0.044404079226834765,0.058085162734664804,0.3784656575012309,0.06275222123506485,1.4503284303054808e-08,0.4212850564225979
533229787,0.005449072868682422,0.026099893165402357,0.000793254315976336,0.02995040202937742,0.34803355707010175,0.38702612315124296,0.03174617056951521,7.770866767284717e-09,0.17090151905883458
533230002,0.0015214974511109098,0.008825961437871248,0.0015316523253616847,0.009074499109328744,0.012311938271612775,0.19479016697721196,0.06468640488475214,1.648183227180831e-09,0.7072578778945674
533231729,0.0032369730147829654,0.017074932351906037,0.0029641645253357034,0.014831150584155026,0.009586228065730283,0.6315209722373596,0.16940655175745128,1.0466939436037596e-09,0.15137902641658527
533237211,0.0004700405757435382,0.0026994903104735025,0.00025645031122021065,0.002480990897654216,0.0029326244951498794,0.13360400204939205,0.8227232475851004,3.4010057838525906e-10,0.034833153435165534
533237330,0.003795639805779964,0.02209052737225776,0.0026173096957635917,0.0479442218188772,0.02626559953867784,0.7768545543505447,0.06545621478501672,1.3640361942106895e-09,0.05497593126904593
533237348,0.0045268052951232445,0.032684412232350066,0.0021512747042010797,0.06133692959746915,0.04015015690749589,0.6132389619996294,0.04473204278813667,1.1477873243662876e-09,0.20117941532780717
533237744,0.00158324781512083,0.0034410667077531404,0.0006307292153185428,0.005185360802818174,0.004829336145906892,0.33383225733484095,0.5415528955475334,4.4964696678352043e-10,0.10894510598106116
533238082,0.0015687892715036346,0.011176196287803497,0.0012237797798590642,0.03647387600716627,0.01665708509201563,0.7226399437958433,0.08698546783597388,4.115009467507885e-09,0.12327485781482536
533239437,0.0010356057879255221,0.030091191947338287,0.0009196507243707357,0.5729407021618729,0.2752246650271938,0.003102854943443611,0.0035174374758559,9.208886254318835e-10,0.11316789101111054
533240180,0.0022913436960878796,0.03883473955778751,0.001790826525484235,0.067464196644016,0.05492935483676278,0.5829527654579871,0.19387493862893698,3.4858079777423913e-09,0.05786183116712962
533241288,0.0005378019115636877,0.0037983472972515156,0.00020030001405076442,0.0031676159668506602,0.005843790839143418,0.8565928521431071,0.10865616777331459,1.2940358735758387e-09,0.021203122760682508
533244189,0.0020313865283467696,0.03873865704471785,0.0007846696286418149,0.04081991467593559,0.014190769449767602,0.16845450946727275,0.06678814273250538,1.107658009874941e-09,0.6681919493651544
533250633,0.010123274224547852,0.003864450752979618,0.00042274465190940565,0.010263348537904234,0.009414265437823435,0.3979393031748164,0.5599405996163994,5.919727700820271e-10,0.00803201301164688
533253042,0.000686405419052047,0.009991709943934227,0.00018871995923730662,0.0073663361718319725,0.009052700662268712,0.8773197307917532,0.07609067220524689,5.648301212670325e-10,0.019303724281845545
533253303,0.0002518503776940808,0.12526242520588882,8.811517164525256e-05,0.01886658873025346,0.8054872602158311,0.039652714246026614,0.007175413673620141,3.967296296419325e-10,0.0032156319823110012
533253452,0.004765894416083494,0.09876658214434353,0.004646811930975241,0.09850997409552913,0.04849790797154062,0.0586827078193262,0.04317722220668232,9.19027540878553e-09,0.6429528902252439
533253763,0.0005870510180628356,0.031845597252208264,0.0001674018863238793,0.0049492821486272895,0.013150173783024079,0.852057768830005,0.08741213469674274,7.219600996157365e-10,0.009830589663045838
533254077,0.04793056514804753,0.005805432196462436,0.0021279988479737007,0.010599355750608285,0.0071604387495971715,0.4957150783736386,0.3578551098879467,5.392799346761346e-10,0.07280602050644563
533254248,0.0016884282308270255,0.08816611942959716,0.0004491680544753584,0.05442568967001934,0.04993810890981958,0.5480754615020917,0.12483419163816403,2.18680428581105e-09,0.13242283037820146
533254312,0.0013347178804384511,0.12222983041465957,0.0020486292632432438,0.10403311182327857,0.052416793257618985,0.44844132246821217,0.03264393266700233,1.892508717807411e-09,0.23685166033303803
533255422,0.04114764424335116,0.004221276787785524,0.00021335323294871818,0.023636005178899702,0.9193242338954078,0.0046986005668381205,0.00253453156115044,8.047051576517202e-09,0.004224346486567018
533255667,0.0010124077328255814,0.03436581933378248,0.0010317511705358812,0.02671778640190117,0.04148389934796871,0.6723826801556975,0.12265338074932679,6.965303260524388e-09,0.10035226814265877
533256459,0.0014787347452114865,0.05286767918428988,0.0009344652676828451,0.04112931815623657,0.06458643085360675,0.7880267721710142,0.036519217592834594,5.312805687998531e-09,0.014457376716317812
533256851,0.26066486250662263,0.00813926795942035,0.00041094386652232475,0.06971648105240741,0.035328127348421216,0.04123595695545784,0.010493802887940605,1.4690021942651432e-09,0.5740105559542054
533256903,0.0013148300118718446,0.020513494666425443,0.000352724458785354,0.10388800999740087,0.8179457086523556,0.03182866689177602,0.0025769404391788892,2.1208377238687627e-09,0.021579622761368242
533257018,0.0013643047314287492,0.0019825691763744515,0.0011117397337528465,0.0024729500040140792,0.0023519667862090072,0.25371054836872425,0.6519225885267041,3.0330286761964747e-10,0.08508333236948958
533258669,0.0005308631627024441,0.013670417237868134,7.818388582227493e-05,0.006257403547276585,0.9668176909600671,0.010240831633817301,0.0015760368603481107,1.9137324517112753e-10,0.0008285725207248445
533259172,0.002424609144293455,0.007404362513492557,0.0005814208099082812,0.006189458042878175,0.00553640189653652,0.8018306855938978,0.08820064501886996,4.1416959599106715e-10,0.08783241656595366
533259912,0.0005611560695294507,0.04306381439398573,0.00041173738008864856,0.022717745464886165,0.036711272531856416,0.8501866862646265,0.027680890699504482,1.7360791696222176e-09,0.018666695459443623
533260880,0.002140609948766851,0.004273864151883624,0.002303133413702188,0.01115559015569007,0.0031467376775310084,0.055071806969072545,0.0474842474401636,1.2449311725946547e-09,0.8744240089982588
533261570,0.011194692562688721,0.03647109155298817,0.0006263107319285025,0.08312131615789575,0.5954607100516334,0.253788022604836,0.005666271861316563,2.3848194744829146e-08,0.013671560628518204
533261614,0.03362283089883517,0.02337024438959757,0.0009372035902301043,0.10175171646778652,0.5881566663073945,0.20116175191459032,0.012015371880366594,5.670731458793258e-08,0.03898415784388447
533261629,0.011662770568549924,0.01639373097228093,0.006461583508211942,0.20649218532678407,0.13324913235557045,0.5695433254683772,0.019898035037547893,2.4258146208912552e-08,0.036299212504531456
533261746,0.01053796829198851,0.027795743573173385,0.0006340184059162502,0.10395701700677963,0.5585525213515756,0.2675963205976738,0.008462417799550264,7.204727926134377e-08,0.02246392092606326
533261929,0.00116679887767788,0.0024105550169280106,8.307732151102228e-05,0.0015124957683803689,0.0024846221175551784,0.16506628897932948,0.8172341653937754,1.3937893131996194e-10,0.01004199638546363
533263406,0.040820204754469264,0.01759714333072865,0.0030967114248102185,0.07623295479295779,0.059491200743657456,0.6181195564666642,0.029659604233355275,5.36576448746734e-09,0.15498261888759282
533263420,0.0032885476311823106,0.17479282374242977,0.0020944294018393752,0.045611978968272564,0.15014233142682892,0.5532524669630166,0.02702055924904136,6.8618943523814355e-09,0.04379685575549479
533263423,0.2088906768640813,0.03150090907393369,0.0023267138299961493,0.10319268131401198,0.07669000318693105,0.43638999069590306,0.10642469506716658,9.616059632534903e-09,0.03458432035191662
533263480,0.005539408560520403,0.010146659962535304,0.0014921937629810934,0.009946734002770609,0.01715563429743208,0.684007270306185,0.0805421320642605,3.517801905986281e-09,0.1911699635255132
533263558,0.006231043704685145,0.01943612575858237,0.0006747207125375991,0.01365910777638825,0.8094897123122645,0.11861352665961353,0.018288420761239644,5.374277641934506e-09,0.013607336940411139
533264115,0.0015228200258404839,0.01019217034372865,0.002833711213748817,0.032340582284919345,0.03684365352629251,0.45758573682654285,0.04406621587786963,1.3565742611965376e-09,0.4146151085444835
533264152,0.002066430394042957,0.013619188500651455,0.0014288494397135124,0.046086095131227696,0.04339250699891342,0.5863122417171514,0.01984947924068852,2.0969016832897987e-09,0.2872452064807095
533264250,0.002463275342982979,0.008516486861439692,0.003710910138420081,0.14828902478817876,0.022721582747773177,0.10023815932368044,0.019291650077646185,2.630180705349191e-09,0.694768908089698
533265339,0.0007317597057426192,0.025225456008785035,0.0002607134719380781,0.024814618137838675,0.870736366109362,0.043237787638180716,0.00597285912366215,1.0520503104199065e-09,0.02902043875244034
533266269,0.009333143129011635,0.0621131273743714,0.0005211913970093066,0.019140567680970038,0.0809480380562102,0.7378525009905941,0.06999337986306046,5.688484790874402e-09,0.02009804582028812
533267244,0.0031836514042946355,0.009140648998634138,0.001761268765124122,0.015439215534205308,0.008574833908793336,0.6499393253674968,0.1995613840726577,7.743001589479039e-10,0.1123996711744939
533268969,0.0011690837149182342,0.0137066144996116,0.0034546516741709873,0.024530859265028914,0.017443049260977544,0.0572495342530369,0.04545315119135651,1.6103021460069243e-08,0.8369930400378779
533270675,0.02965728419140726,0.016194629991529277,0.0010393005810807056,0.5598911954517639,0.06347166649107762,0.11035859332438855,0.014905896948311907,2.3604832230014687e-09,0.2044814306599576
533270790,0.0021714696771229485,0.004387850528797621,0.00037212975236507406,0.8833436723420325,0.0691165039842462,0.0036684754013199075,0.0016436468221175972,7.023869636541173e-10,0.03529625078961109
533272000,0.011337097263351982,0.008011986091639745,0.0011742369905021685,0.03375544826525001,0.02218783621042253,0.19696963852052607,0.035679095028203475,2.3575866909843117e-09,0.6908846592725174
533272060,0.03890824926376238,0.02585539487821917,0.0033334723893830203,0.24423233901039043,0.25944207818562864,0.16278308440960199,0.025074601721296445,3.2371724855928405e-09,0.24037077690454534
533272113,0.025854490981990403,0.022602371195562673,0.0006846488857450646,0.0825193762220733,0.6374521260912819,0.13457281099774884,0.020927870071457137,3.964226836148075e-09,0.0753863015899138
533272261,0.2226010686957199,0.0046108350130394885,0.0009626201842202537,0.010855858251324147,0.0115967129791816,0.40679859312880745,0.20321550645718153,4.5384574621647705e-09,0.13935880075206822
533272274,0.01349262334292129,0.0021145248485979814,0.00026389493612975523,0.003117858693146125,0.002838637981398721,0.45691389342096844,0.41570055340248524,6.709618018390371e-10,0.10555801270339074
533272328,0.03343932117479729,0.00469393900047896,0.0011763713027697546,0.014274800553003073,0.0076280072554702075,0.22823935772821002,0.18735286067923326,2.511986637895782e-09,0.523195339794051
533272940,0.011209062211516817,0.12871928962360543,0.002297070279008988,0.14864619179993147,0.36453798335549953,0.27134519265706936,0.046543261945297294,7.360978901013312e-08,0.02670187451828216
533273103,0.009270250182674359,0.028812376047773643,0.0001847160515982218,0.02409353517709592,0.9156704259392526,0.007892140133186513,0.008753978748297938,1.1910491813876327e-08,0.005322565809628951
533274934,0.004649364156680455,0.010947408469572373,0.001704653468528526,0.015524369438828114,0.008910697284583482,0.7733427596562984,0.09873799525603252,1.0400593515977017e-09,0.08618275122941685
533275430,0.013989514157392862,0.03797725701644988,0.000560890306190367,0.07345458085116184,0.3134668066014889,0.5132068954770239,0.03023020451704318,1.7997698583655357e-09,0.017113849273479247
533275817,0.004946287552767869,0.02362259143273247,0.0035052154677985246,0.024787556061196904,0.23184421618856996,0.33504984002826826,0.08414637201142754,1.9337794053400002e-08,0.2920979019194444
533276098,0.0004774829654421126,0.006604907126805917,0.00021303252946843946,0.005760398194778397,0.026320419892883758,0.9194537794940663,0.023851866631452803,1.2960484799539138e-09,0.017318111869053927
533277381,0.007749775536563508,0.0134203580977666,0.0005599848389068943,0.014627263888002645,0.03193759784568593,0.8033568440178084,0.11953358276025086,4.759724272283435e-09,0.008814588255290887
533277492,0.004911221407268956,0.03895229533885616,0.0007882036986620757,0.026041089243080916,0.04396677772989913,0.6764028515345956,0.18212689646588107,1.1404194922931715e-08,0.026810653177561258
533277542,0.006179654317490914,0.011255283833508102,0.0003002069110424495,0.006808337030658871,0.018816410500209994,0.47960777447603853,0.45249354318247925,8.132607205507431e-09,0.024538781615964705
533277609,0.012832642479899337,0.030633132793484175,0.00047994222097698836,0.020129833381458597,0.0635872432408685,0.6510181922709608,0.18950719494863505,1.4571219341096736e-08,0.03181180409249718
533277621,0.005486639327717803,0.06326209246460324,0.0005030359283416006,0.02070387998107686,0.14756991779097445,0.7105142927174731,0.0362489615125649,7.235402782270705e-09,0.015711173041845203
533278764,0.0033113847213343105,0.034312790704830017,0.003017926520012657,0.6407814606679686,0.016840984027532913,0.0608493891659939,0.05625959279651805,2.6069118546279645e-09,0.1846264687888978
533278814,0.011603058523688694,0.01343605715583234,0.0004982594149518565,0.04743478428015875,0.013699387322693424,0.6747070126915067,0.09727053423553847,1.268029038621638e-09,0.14135090510760082
533280122,0.042676462167843446,0.06520239485545425,0.0016604970309039855,0.0680969040377983,0.6725163152770864,0.11917725993568724,0.02163971260121491,1.5779174771816734e-08,0.00903043831483664
533280233,0.0034424130202803365,0.00564436672466021,0.0004007516894256091,0.009045263940432303,0.019266834479599947,0.8808812004615725,0.07251722892147618,1.0195641665497698e-09,0.008801939742988632
533280441,0.0019357046433477053,0.0597154072184051,0.0008961757872609407,0.05555946603790367,0.08419264962614272,0.7619080779770483,0.03065295234052844,4.072680607979727e-09,0.005139562296682562
533280749,0.002002827284177236,0.04422535586695809,0.001050898495924647,0.021289427137576797,0.8219512518802924,0.08903297072002536,0.015266314452815373,1.2425325016839933e-09,0.005180952919697541
533280981,0.022962484085487705,0.010257691318651882,0.0013031204268268513,0.020046579909596678,0.010892700178501975,0.4251503000486915,0.4217427456237641,7.860877988432751e-10,0.08764437762239168
533281468,0.0836612095300708,0.013871270420092926,0.0005545596062508216,0.1092213600901264,0.026056169959536947,0.6220253289284566,0.09556336170947217,1.1948496270999028e-09,0.049046738561143735
533281489,0.0035862603598825937,0.013661013884012379,0.003144003385045922,0.044060322545794506,0.019408255516225957,0.7133397992670008,0.1511438944576099,5.427096745527632e-09,0.051656445157331206
533281642,0.013269785936406613,0.0013398297855360998,0.00034848253919413395,0.002681632243590556,0.0025606433054195365,0.222579344485874,0.7156703041342962,8.442362846175794e-10,0.04154997672544665
533281773,0.008358851716554925,0.02546105498135599,0.0010659534937132646,0.0490007432330997,0.026246727831052172,0.29644131072579494,0.45818992372452527,6.775690928591022e-09,0.13523542751821288
533281941,0.002989423406559941,0.031267336835724115,0.0015185504332845675,0.01681768810611323,0.02414336648320098,0.4695017090481179,0.38565693975354676,1.0625780280009887e-08,0.06810497530767234
533282091,0.0014551624752510667,0.05304814399074751,0.0002264233456532609,0.009584004347444167,0.09906599400861377,0.722946419779452,0.10846683229493766,9.222607985715514e-09,0.005207010535292615
533282290,0.003058188976203773,0.0022332848519563205,0.0008427107068126669,0.0035636068650105046,0.0029475139603358704,0.08979999309808032,0.7074482772963726,1.183333023421558e-09,0.19010642306189496
533282297,0.0037297000482593556,0.001716356323698226,0.00017916924458366462,0.002240241990115161,0.0030947455272769416,0.39588491912390217,0.5854683376403049,6.170384820370425e-10,0.007686529484821252
533282531,0.006347084070960767,0.010257503347425615,0.0007065960039673559,0.008538179365179243,0.01488574258344672,0.30286484145087333,0.6124841272087531,4.354849874241755e-09,0.043915921614544086
533284501,0.0006699782933495962,0.012647211417947063,0.00019198302713211349,0.013441787632845748,0.029588939929016234,0.9107919379915398,0.02482947527719946,1.4469469892363513e-09,0.007838684984022994
533284750,0.0008819017047953253,0.00855896999832114,0.00016883498323802654,0.010370116094934372,0.008471401920037055,0.8713515594626632,0.054581325778752965,3.928610755582447e-10,0.045615889664396884
533284961,0.0015919585459713093,0.005375296888361499,0.0002482054943058762,0.007996975958674319,0.008365268858113948,0.63855806133241,0.30346243910885684,8.813543693946022e-10,0.034401792931951954
533285180,0.0008761851001258204,0.00555579521584371,0.0005020164302386897,0.011182991256716063,0.009387393175406067,0.7894506009701364,0.1709861865417176,1.4711056706799804e-09,0.012058829838710068
533286573,0.001817499274472314,0.022537353031752395,0.0016679252779440716,0.11063762329251171,0.18596024404947986,0.6123060634221252,0.030865795818186804,5.6907479964798595e-09,0.034207490142779504
533287602,0.0029229539360721923,0.020002422879353665,0.0005306061088419041,0.020449556514876052,0.019172299211116912,0.7867034327587039,0.06479088406965079,1.0149018189485874e-09,0.0854278435064828
533288236,0.0014823012115059075,0.001898391662984175,0.0005358920147395049,0.0021621346553887372,0.0015727348983119683,0.06905260478530974,0.8725982671555418,2.310871299724943e-10,0.050697673385130954
533288718,0.0060906311309582815,0.0056723238480363035,0.0009348454673562739,0.016979537999763566,0.005641321227529832,0.6424735221933059,0.05808599363638745,6.846840556244904e-10,0.26412182381197824
533288743,0.004113838728616112,0.06764920613624519,0.0037908779004955707,0.02423854949151339,0.010872510947099168,0.0785372407701775,0.2377588243426279,1.2587156848716367e-09,0.5730389504245096
533289020,0.0055326480822640274,0.0135889667009014,0.0004470906337605179,0.010974565902647317,0.014704330054769614,0.41682795816025286,0.38641775305945847,8.665627539184805e-10,0.15150668653938315
533290582,0.004614654519047212,0.015470610471302796,0.0017800364827259242,0.014991712514792088,0.013071103986887682,0.5204305258627977,0.40301969646846003,2.4932624064187202e-08,0.026621634761362638
533290584,0.0020838895655184353,0.013324529874769068,0.0031253840964766753,0.020240664858330697,0.016369213819728667,0.7694140030347159,0.15173600653897848,6.275706996296268e-09,0.02370630193577514
533290817,0.0015642465488038548,0.08372295944748935,0.0008492842414452017,0.03929212618862211,0.10904144861668054,0.6681093701051791,0.09255624351948012,3.2608681669362756e-08,0.004864288723618181
533291917,0.004064501475226649,0.1643926279821722,0.0006412185030671082,0.05839172901229254,0.2040545224630558,0.3468745467920965,0.10535821010652717,1.552461688019292e-09,0.11622264211310039
533292328,0.023509669748576836,0.1472228570756924,0.0066570840100304216,0.2677096957464266,0.21434136854080404,0.09778934102983143,0.20263544870819872,8.57043537803111e-09,0.04013452657000425
533293510,0.0023188820990458175,0.014767410865677502,0.0003231475618787387,0.020298365081262558,0.008704998592825558,0.7662760531890015,0.16188493692359918,9.361061825089812e-10,0.02542620475060303
533293853,0.004833277404894205,0.012137089140249649,0.0005336701772215915,0.02543872306039337,0.9384344117585446,0.005295443206382991,0.011058510286792047,7.56342238402932e-09,0.0022688674020992505
533293874,0.01293087207387249,0.020058481670834325,0.0003461165006269758,0.03489198963459013,0.9168139822659266,0.006869151511443431,0.005003120227774519,1.900594606449957e-08,0.0030862671089855838
533293970,0.0019836529436331467,0.01185218123993756,0.0001854629103084383,0.008547803602393537,0.9710160154693677,0.0023686783918911805,0.003002799696933165,1.2543072885585314e-08,0.0010433932024624189
533294166,0.035563053482628025,0.06385999476732765,0.0004069647505295684,0.07433435336379461,0.20969091118885202,0.3230550912345293,0.02889725914182763,1.9139437192357887e-09,0.26419237015656766
533294201,0.000463600419797045,0.023671909912521896,0.00024123654647285618,0.006033354310915751,0.02225107849941223,0.9215761960459975,0.02058349600199151,3.4431518322244005e-09,0.005179124819739455
533294214,0.004272587092221962,0.0954800617159221,0.0002663330292744058,0.028423262380261948,0.05741197298577846,0.6952737016958158,0.02826602118617126,1.760257831587935e-09,0.09060605815429607
533294269,0.0005552764917087996,0.07469787726759586,0.00024677135234632384,0.012125283666808425,0.021942251142341804,0.8491522446651718,0.03616208826491332,1.6911987561626897e-09,0.005118205457914929
533294280,0.12107237099864561,0.026976157575466453,0.0008116174871351263,0.051542494329638026,0.10440151145260747,0.39386874976612923,0.033160159916457904,1.5062437139543189e-09,0.2681669369676763
533295339,0.002919625813196726,0.14682366212224687,0.0011830134292260322,0.03697792938033987,0.03390085786076186,0.5312977490581677,0.1916401169371245,1.3084362435124271e-09,0.0552570440905003
533295429,0.004380752539360881,0.16484769524535636,0.0027051777505554078,0.3585192013643058,0.04073980592459986,0.2619850304770558,0.05744553378797292,2.511139258077351e-09,0.10937680039965364
533296483,0.0009882418445402764,0.006856174122527246,0.00027966782437117396,0.0033413958896243907,0.009363695536108085,0.8594688828713353,0.11406563131171381,2.0908607796793436e-09,0.005636308508919022
533297801,0.008241387982443628,0.013421081442388296,0.0007999606223345201,0.019985865951997014,0.03603704229427299,0.846232323244013,0.048391304269201636,9.106990357038031e-09,0.026891025086358596
533297907,0.001142628978528132,0.09139512755397915,5.4528150923627705e-05,0.03548207673585002,0.869983879905166,0.0006232348712546323,0.0008203289553847089,7.378613413084419e-09,0.0004981874703001806
589557727,0.0028477321943670086,0.0023853494666493716,0.0006736806964236757,0.0019906739296134336,0.0004052704286082308,0.975673636915097,0.0035639449067123605,6.88499893173017e-10,0.012459710774029088
589561745,0.006869145159574085,0.05199314142475579,0.00525046680548871,0.042494506917204425,0.002580687608148989,0.007015058254128324,0.0019772343195344345,2.019149225149731e-09,0.8818197574920161
589566223,0.01168873484892698,0.0016128127969732352,0.0004925306791031486,0.0014503833935546097,0.00036196403169071775,0.5588038554654389,0.4127188957642948,7.47275344542207e-10,0.012870822272742175
589569117,0.08626333423450266,0.0037893674835936192,0.0009343102651623176,0.004184127891157822,0.006832765639541591,0.8778328950182996,0.011518990810595698,8.053511794513968e-10,0.008644207851795392
589569950,0.0018148006298933108,0.003335800913238222,0.0001575550732137185,0.0009756463883271234,0.000758822970359291,0.9829472337788568,0.0053837955845533764,4.990005492368322e-10,0.004626344162557582
589570061,0.062498917096121105,0.0057651012047757865,0.0017417083198553408,0.00445413472802416,0.009236397931376603,0.8883557738310847,0.01736445029327512,9.489949030911412e-10,0.01058351564649224
589570487,0.001263151663135248,0.0015766120725367529,0.0001129279132084411,0.0007508274960577414,0.0006291507179826055,0.9901516453087388,0.001568585630014859,6.092713581392466e-10,0.003947098589054256
589570489,0.00302061402502588,0.0019626636398586902,0.001140909103515419,0.00172847256132944,0.0006135149079000056,0.978375079886134,0.004029081162435796,7.506010722999642e-10,0.00912966396319982
589571551,0.0019119777077475236,0.002009360630483258,0.00023460428570463778,0.001117012475965926,0.00036004403144437267,0.9678804963297175,0.009977141450450743,5.978389203345972e-10,0.01650936249064708
589572579,0.05431758649361313,0.10643635118809272,0.033053283447180545,0.4264537610586041,0.032206464974112795,0.010568627884786894,0.002264392196192324,8.516750101971652e-09,0.33469952424066746
589572580,0.0022512701320570342,0.0034691667205219746,0.00022323433075774376,0.0019489485814657528,0.0010029568087873907,0.984159170091757,0.00342804424755042,9.802171142753511e-10,0.00351720810688552
589573474,0.001795145709486001,0.0037369867523537343,0.0002588495376727831,0.0019486757268868259,0.0012552927056302952,0.9850285876870376,0.0027207365252211843,9.904308526350508e-10,0.0032557243652807143
589573874,0.010144993989375075,0.002318598072023431,0.005356720084699254,0.0054666198999366155,0.0006050485614087326,0.42035508173235225,0.009132720825572536,6.5431521612031505e-09,0.5466202102914799
589574988,0.07496025486346986,0.03600927089033323,0.006397489288866392,0.056212157185788696,0.5540789923545483,0.1380265866168147,0.005679737111160135,3.0993555267491926e-08,0.12863548069546352
589575044,0.06542943818741248,0.005929527892841159,0.005810338290365802,0.01994559049738921,0.8239490234967652,0.019474544361476918,0.00267766222397109,1.7210590628227267e-08,0.056783857839187504
589575060,0.2993921485850151,0.009096941353824935,0.001745767007992543,0.01035241522027274,0.5697583864082127,0.055434690010562795,0.0027042791366677283,7.27400243127999e-09,0.05151536500344904
589575078,0.023556644841561957,0.009906722228151468,0.0014455351924397561,0.008587877557395138,0.9236968190914937,0.015142741481198848,0.0014283362228676055,2.5140920105638353e-09,0.016235320870799454
589575286,0.0036790395357751897,0.02678961387031317,0.0003722039566931087,0.00264662155566986,0.02739052545742809,0.9288722333062218,0.003540190794777965,1.1085106787401678e-09,0.006709570414609926
589577054,0.008893714095492564,0.017066560071091686,0.0007423650285263048,0.003997959022249595,0.012251467207454073,0.9471025805340431,0.003935213522528841,1.0270435587364112e-09,0.006010139491570373
589578162,0.006200936536227535,0.00401039869205896,0.0020586114993085196,0.003832477433364574,0.001274679005772289,0.9672434086156275,0.004696929420748416,1.1498756710564053e-09,0.010682557647016585
589578861,0.0009692729534325358,0.0026054734647257293,8.307962424240406e-05,0.0008656813143331724,0.0004257929917750869,0.9896893784751605,0.002690515766923513,3.541117334843663e-10,0.0026708050552954215
589579781,0.00600037447208481,0.046669866892222765,0.00668159572155955,0.009047323136731648,0.0031771042739984746,0.8075896139800985,0.014215917210835446,3.514471347834409e-09,0.10661820079799744
589580528,0.03665637990058204,0.007975403368761189,0.00537614052733095,0.008361784172218787,0.0032653124776865225,0.9034034862394411,0.005662616064652581,2.4252495786522575e-09,0.029298874824077264
589580564,0.001072927969900206,0.0023564577182128227,8.399785557816276e-05,0.0008626446499161815,0.0005998448684296508,0.9899617582149431,0.0028739818066007487,5.380572731843743e-10,0.002188386378361821
589582540,0.002318986969707888,0.0014042062606097866,0.00013661469551201348,0.0013087110584885627,0.00046571111691196015,0.9833567564589955,0.009026103114271308,4.4525078608950804e-10,0.001982909880252338
589583482,0.0009950640574052647,0.0016784532218636092,0.00015522701410367924,0.001620357240220095,0.0004950139321492532,0.9854134208022914,0.0031066942564435623,6.37080324671729e-10,0.006535768838442782
589584716,0.002684248155343859,0.0015181756892303565,0.000242658414707798,0.0016899447855813203,0.0008270849213560555,0.9854715808330237,0.0040233107654326404,6.124585745675045e-10,0.0035429958228656343
589585690,0.0008816224030855079,0.0011565615453539612,0.00011593509649795024,0.0009298608059968054,0.0005164795510043869,0.9926798542837304,0.001563515340192113,4.788184906250655e-10,0.00215617049532032
589586337,0.002424583046951386,0.0058013136615407785,0.0002198739748509399,0.0024666932507336004,0.005112044355305029,0.9781910432034959,0.0017170505730709736,1.372350213827231e-09,0.004067396561701227
589587263,0.001213657215281119,0.0012704879454887527,0.00021030723318114956,0.0012446894561066217,0.00035173667792759206,0.988105566510512,0.0034188912297476778,6.104693663581416e-10,0.004184663121285883
589588472,0.0033868547721379034,0.012887882247664142,0.0002578221553713264,0.005328836576505825,0.030482959486387375,0.9346418895661984,0.003517102936011095,2.249613949294861e-09,0.009496650010110005
589589960,0.0028297395792479365,0.022323103066535063,0.0007440315718369371,0.006764707370401924,0.001882266665144989,0.9536615987024306,0.0029976310405249048,2.6188894080040147e-09,0.008796919384988259
589590560,0.006592374986202865,0.0405507704251885,0.000712537839666208,0.008544929722674023,0.013202161009908796,0.4844254107480748,0.03698256985741783,4.913492044996181e-09,0.408989240497375
589592645,0.004646645417051388,0.002264265820312196,0.0018082355288327402,0.005127767578817441,0.0005083595745030114,0.007695715488983879,0.0017631791544730048,3.31253789160684e-09,0.9761858281244886
589595488,0.026910255403947335,0.008826348895034853,0.012816714371476683,0.01104014213747588,0.005831916111167617,0.9111440858829892,0.004615247823754596,3.2610665269781966e-09,0.018815286113087266
589595509,0.22901390808899758,0.0043703660738191675,0.1065110075853198,0.029981040590415634,0.003331984149078317,0.5265950604860119,0.008215347135463026,1.6158640548958748e-08,0.09198126973225416
589602405,0.0011746775090917627,0.00174767015051801,0.00040542391748494075,0.001839888864164365,0.0005908169054015361,0.9881007477891883,0.0029172310069092502,7.592067807404808e-10,0.0032235430980349974
589602766,0.016417432095544856,0.0017990026137768482,0.00249416512313832,0.0022760099545930863,0.00048035647633116,0.023249790270895417,0.8548996119678052,9.022842380884786e-10,0.098383630595631
589603220,0.004042081218369503,0.01376234341058288,0.0005004393935935618,0.004310215667335273,0.016047224846387226,0.9484003643126349,0.003710266747274469,1.6150316043855621e-09,0.009227062788790657
589603540,0.008508230759490792,0.0018337220926602051,0.003265249044023596,0.0030464333558003144,0.0004474969221895637,0.9312133117090323,0.009203415544777117,3.1873132681144572e-09,0.04248213738471277
589604163,0.005964264087253404,0.0015109283818853932,0.0035835308987908817,0.0016313043665930852,0.00031504055510326917,0.8369047387915103,0.07076885045065094,1.4811544829256517e-09,0.07932134098705834
589605780,0.006903347204575789,0.014174077570544567,0.0018790974227533219,0.01595359133025846,0.001243881519867557,0.43215527958547606,0.02709708489945697,5.342582513295072e-09,0.5005936351244848
589605823,0.010001060527763403,0.006924628432937832,0.03973578026960322,0.5185407220579208,0.0027894878728309423,0.01102835005654276,0.0028989884442350736,2.2216015743395548e-08,0.40808096012215034
589606661,0.0015333051163114412,0.007300812685130915,0.00014915344376146192,0.002445565906708726,0.0012261207537723562,0.979771424266215,0.004972289854617569,1.1468938985549684e-09,0.002601326826588749
589608416,0.011426190719976676,0.0059336918726989206,0.06676169991266001,0.023511428118502594,0.0013410210678922792,0.01719482327551746,0.010282458106717273,7.446961861366343e-09,0.863548679479073
589611604,0.004017315890558878,0.002139830495296451,0.003398147005160657,0.003453839783850144,0.00037236981255935465,0.005576967378324745,0.009077486077223824,9.88500846876394e-10,0.9719640425685252
589613063,0.0025529696338661926,0.009091716429744734,0.0004620241897022325,0.005220539874287894,0.005184563282829502,0.9643747383634385,0.005537932233945994,2.4620931289036145e-09,0.007575513530091953
589613683,0.00633776212699474,0.00839927346262545,0.007691927176609497,0.006433828679778781,0.0011296700712382036,0.9125387601137721,0.017816765363522405,1.5296886136336728e-09,0.03965201147577023
589617107,0.004954181589750962,0.005862069186167837,0.0048848040146554144,0.007901857581731508,0.0012681236501898923,0.07010595040580338,0.005999827496418526,2.264882940281786e-09,0.8990231838103996
589618208,0.0019583303224652306,0.0012449152020629162,0.0005148158033856873,0.0014057982279042356,0.00035021911057018157,0.9032867914444093,0.023163691061301377,1.9880346302910348e-09,0.06807543683986644
589620671,0.013381984059870686,0.0034473071802706714,0.001572216541799161,0.006027740699445061,0.0011510085899628993,0.8995176764042453,0.005215880588516423,3.6196452168685926e-09,0.06968618231624454
589620870,0.005606002058791655,0.00251188490235959,0.0005062221750325523,0.0020068664850600736,0.0006909254815207665,0.9663970970658504,0.013086155042665788,1.5970914275981625e-09,0.00919484519162772
589620994,0.0016885068788003031,0.002375213037626607,0.0001262962974094524,0.0016363048459992371,0.0022018815729839564,0.9863134751548129,0.0027729437988458137,1.1415318319003074e-09,0.0028853772719898184
589621600,0.006047530511143743,0.005768971353285405,0.0004504163034636342,0.005397798416693843,0.0030436825713198003,0.962590510596312,0.00414463372835469,3.427221805279658e-09,0.012556453092205162
589621801,0.006718783320811385,0.01699691463196313,0.0008683583024819668,0.007593101636561556,0.01249099549722241,0.9111659509671861,0.010438559824368044,2.9063120274170336e-09,0.03372733291309343
589621949,0.0014515929877709792,0.004377605725742378,0.00015017407289999367,0.0017055651715740259,0.001463684851824008,0.9833871956338752,0.005038352291835361,1.2804974294435775e-09,0.00242582798398069
589622522,0.003744256413143282,0.0037697146371636703,0.0009091779892882444,0.008052517029513475,0.001233026403037779,0.9641375677127405,0.005816865905843317,3.4281102506768142e-09,0.01233687048115953
589626768,0.003128396304781697,0.003746700598949827,0.00037672053657282815,0.0023604976147905293,0.0010807375242405494,0.9658415698723196,0.014505561069889195,3.4420058713422778e-09,0.008959813036449939
589626847,0.0033154652962664043,0.003265384555817385,0.0002317551340771676,0.0016689907808263677,0.0009733589884900522,0.9472135729034976,0.03703038313503801,1.601871764393848e-09,0.006301087604115119
589628335,0.0057772029936771704,0.00553994643106357,0.003597816004618026,0.004342607112966323,0.0011814754384038627,0.7455944220895284,0.0345036908063175,3.3376559635450856e-09,0.19946283578576923
589628489,0.0035477475525537657,0.0019261400813838897,0.000636201617955983,0.00226936665293467,0.00046602519100728845,0.4343126065698628,0.495596615549982,1.8554027341897513e-09,0.06124529492891685
589628550,0.003640248915621865,0.0033485803039204993,0.0018913621487691625,0.006219223774473354,0.0008507115670153917,0.047011697715093025,0.00517329436827616,4.898123442913311e-09,0.9318648763087071
589628608,0.0028638360004707335,0.006078620309425309,0.0007900496198162319,0.0036092510407904734,0.0016352999011486138,0.9225044529620947,0.021140514187062424,1.7075597837839817e-09,0.04137797427163163
589628986,0.003483383539926838,0.001653913525977417,0.0006936160722306335,0.0012252199812457668,0.0003435901477630812,0.6544254738719615,0.32745967407419896,9.594715293695914e-10,0.010715127827224405
589630160,0.0033855067591392696,0.08322813135480644,0.0007250137170134751,0.009537184241395701,0.004629117044734012,0.8900152551029537,0.002623090644128804,7.198542011633545e-09,0.005856693937286481
589633556,0.006025906116176534,0.0034882927582383923,0.0002483981600003219,0.0027710023580609544,0.0012600533954424172,0.9550508910804283,0.02280391083255763,2.59790445828128e-09,0.008351542701190953
589634160,0.004784879583388904,0.010788869932453463,0.0005697695876826917,0.005364905287667691,0.0029359373777690543,0.9654128149861751,0.004926010209345678,4.37465893182494e-09,0.0052168086608583375
589635357,0.0019066609481490178,0.0034337242371426766,0.0002396110743629318,0.0016596889575930037,0.000865737114913636,0.9759153824547108,0.006816413797555636,1.096140575865585e-09,0.009162780319431747
589637307,0.0023622563620959267,0.0023316024709927456,0.00012633402363105827,0.0011242715722440495,0.0012124783393572215,0.9088223784799364,0.08008845556217999,6.288076790301494e-10,0.003932222560754756
589638826,0.0034921582854441084,0.023513949945735732,0.001040995177418949,0.013343396410282763,0.005187090169562962,0.9410763015480936,0.0032538740186362617,1.1587395284196261e-08,0.009092222857430235
589639462,0.0008808550773765942,0.0015875816263437184,8.631619458694671e-05,0.0007799293809657496,0.0004531845781171641,0.9906583715479441,0.003559122222313679,5.97170966159893e-10,0.0019946387751810265
589639744,0.00642251703634189,0.0018920554305900355,0.0030226607579362636,0.0026718546884189217,0.000424015589791492,0.8030760228598453,0.11816656745849566,2.90672640935648e-09,0.06432430327185418
589641076,0.003436575110915987,0.002950185111569291,0.00014718432020604136,0.0020022040096653168,0.0014353273428275863,0.9747642749429664,0.00585759545003179,1.3607421867387716e-09,0.009406652351075462
589642050,0.001427498524096511,0.0009077230595705482,0.00022601534934701338,0.0009593442283821567,0.00031557163352726494,0.9853490234020772,0.005976556739919805,6.746319900071827e-10,0.004838266388447504
589642482,0.01067258949459903,0.022069714481130046,0.0005322066253877449,0.005914839750236212,0.018343459207616125,0.7501700312491381,0.0168005493757599,4.401233878345248e-09,0.17549660541489903
589643196,0.0021020412117479658,0.001201561226426056,0.00020415343845895843,0.0008080127798969673,0.00040509717289774526,0.8297017471008574,0.1532113071612896,1.5910129123006885e-09,0.012366078317412378
589644881,0.0034038619267514596,0.003362541462928574,0.0005716490506126929,0.001850912036659101,0.0008339692052390857,0.9626621055011786,0.010499745734369757,2.7570331250243647e-09,0.016815212325227688
589645040,0.0028943693307515402,0.002558400868596125,0.00040646392512291136,0.0020066114546271603,0.000849021940770296,0.9726623846003123,0.004164055631446527,2.1367372405034042e-09,0.014458690111635942
589645063,0.9457955102856815,0.0014985566640117142,0.0005997851733816602,0.0015537495184064988,0.0010734063236390963,0.004551011835041512,0.010799750442370725,5.618732632897346e-10,0.034128229195594065
589645210,0.03167708684761093,0.0018692016757591015,0.0010022470275752012,0.0025263309941173837,0.0006117850459460269,0.14830855532021633,0.0647332880765857,1.1408786021586871e-09,0.7492715038713107
589645235,0.002649932857076991,0.0008743470441719847,0.0003083447847973007,0.0011695333143317823,0.00021623365270316674,0.9831601880450165,0.006203394703776699,6.764513886017761e-10,0.00541802492167421
589645264,0.001357428286292747,0.0007860258916587801,0.0001831224154661862,0.0008443950320638292,0.00022354060240961413,0.9907938487219615,0.0027480129387937595,4.6321961280665634e-10,0.0030636256481339544
589645363,0.004457357571269425,0.11865619771503472,0.0007903771070984439,0.007123427267822006,0.006115320130482549,0.8495099914797688,0.002975428793897077,4.337481166617645e-09,0.010371895597145889
589645466,0.9687748347517937,0.0010548062610817408,0.0002420142115054685,0.0009959544612863126,0.004790248287082061,0.017429533607730446,0.0025333419840573366,2.99582602075859e-10,0.004179266135880376
589646466,0.9738166373517257,0.0011343652028665034,0.0009460565180955661,0.0011766758026043119,0.0008443771130675713,0.003961290156525456,0.003464521448610461,3.211496598250388e-10,0.014656076085354703
589646632,0.9698331484704678,0.0011549887671290075,0.0010012964180411608,0.0011380494429340151,0.0008864800899370112,0.0030297248832634282,0.003103037233198934,3.701436700989248e-10,0.01985327432488497
589646688,0.9773486185757004,0.0006267780538929632,0.0005610320877372738,0.0009518074523248455,0.00045449456261074613,0.0017758767158206922,0.0012346588203699935,3.1654736901561927e-10,0.017046733414995727
589646797,0.98205846535494,0.0006557493245976466,0.0007172790322485806,0.0009803404648097889,0.000501594460741932,0.002306214870234096,0.0016801660728909915,2.519896459830941e-10,0.011100190167547283
589646862,0.9604401085545935,0.001009031404337229,0.0010814890562765545,0.0015576367692992372,0.000984554384306154,0.0034135421949125487,0.003174630023001162,4.445405737843263e-10,0.028339007168732964
589648314,0.004864041530515614,0.0031183099539869343,0.0005753707477793761,0.002557426689049911,0.002631342904346618,0.9777599343208075,0.004293956516316862,1.0462518888306807e-09,0.004199616290945127
589649551,0.9766310902503539,0.0010932738127565405,0.0004946356774476568,0.0010783093509586937,0.0005670281035750301,0.0034674383412030612,0.0038803605058233656,2.940756165016709e-10,0.01278786366380616
589649953,0.0010656892128572382,0.001730556517361281,0.00018051195139759502,0.0014141249511982821,0.0005260322070013521,0.9830552826387939,0.00521759530382096,8.195018504562562e-10,0.006810206398067642
589650138,0.005904728300055034,0.00766961827085369,0.02326172707427658,0.045558645851683406,0.001653870937602972,0.035412996228790045,0.021914312972190014,4.878232654887649e-09,0.8586240954863155
589650780,0.014776160286988787,0.0012773980454584939,0.0023260866223785907,0.001845400098029807,0.00027415791042660636,0.022283524336661822,0.9073837772083347,1.5804593663736305e-09,0.04983349391126185
589652247,0.0027710777871074884,0.004993787534586421,0.002267321736919407,0.005774880097393439,0.00032355111688151596,0.006056909260832179,0.006938443224464497,5.944915328849125e-09,0.9708740232968996
589654014,0.026272481257612463,0.05349985054959809,0.15807150948354437,0.11756316499168966,0.011618551193111636,0.45191175492141517,0.025942109345986276,2.6626104213426623e-07,0.1551203119960003
589654034,0.010867566807894522,0.4794331405827707,0.0162265906713242,0.10377004330028951,0.018862623949054153,0.333097241949017,0.006046795342422835,8.637835190765178e-08,0.03169591101887514
589654154,0.40737947799882757,0.00542759122583116,0.0024289690144831317,0.0028401973987695257,0.0028843367608741423,0.49654135543078015,0.030934706964966138,1.2707136033002283e-09,0.051563363934754566
589654176,0.9166021826693322,0.0020365727179063203,0.0032386849638065722,0.03154734768907349,0.01942422975119141,0.0034291789947830218,0.001363457406012144,2.5240232642545073e-09,0.022358343283871537
589654183,0.8494418531839875,0.0016119472942353356,0.004679651126596127,0.008122819125430489,0.0016015709876046566,0.005552558556993318,0.0010143746845691492,2.3553670139840174e-09,0.12797522268521627
589654280,0.0046099163422389814,0.1508782320753982,0.0007034684187207108,0.013554567680484677,0.005590708091138659,0.81503658896264,0.0026258609241613935,8.209545945702312e-09,0.0070006492956715015
589654379,0.0037173374719382366,0.0037717737955882407,0.0010101851296808351,0.005062113295694343,0.0008027732489061765,0.9651528370753852,0.006559151560954942,4.120134362173962e-09,0.013923824301717569
589654778,0.016761277801480838,0.013967939885732241,0.0007042839853283463,0.007413610885011412,0.014709663595565348,0.9120305043323904,0.0041059918673778005,5.014315084014811e-09,0.030306722632798478
589654997,0.008983833975317136,0.09005049727024744,0.016103216024667865,0.6227644264831657,0.006393507315221095,0.12601367586421733,0.018954798228454386,4.494204789286402e-08,0.11073599989666119
589655191,0.0020371544427979188,0.002200672865610389,0.00042314591928356457,0.0022493679639914643,0.0003891328472035372,0.9857328657513652,0.0035892500567479895,1.5288483308433898e-09,0.0033784086241516074
589655314,0.0013507018441486695,0.0013626860670488622,0.00021391353292999385,0.001384722885763415,0.00044084173967836026,0.9888712540779017,0.0027164451461201165,1.0931602951085023e-09,0.003659433613248559
589655401,0.0016329687552003517,0.02086923263239408,0.00019670054790547645,0.004386543392688919,0.002046398716280666,0.9660991651777403,0.0019235690454811605,3.852777569379908e-09,0.002845417879531456
589655420,0.0034853104015659256,0.021435547773136474,0.0005243923572138225,0.006620050788802249,0.014539815587911118,0.9326860158062709,0.008743215504331957,4.014301687755705e-09,0.01196564776646598
589655704,0.001049339681946964,0.0013413353591761226,0.00017070642806885482,0.0010606927362413992,0.0002844340977948663,0.9916569194224842,0.002368455775637186,8.614688393483073e-10,0.0020681156371815347
589655845,0.9511110332723515,0.0013702092935773986,0.00044119409576469945,0.005895655130943574,0.02804161486013277,0.007304087035799269,0.0007612050354337038,7.36684775659811e-10,0.0050750005393122456
589655876,0.0024798941290362603,0.009762905544830083,0.00013580991983266766,0.002749152479755296,0.0020086042410479062,0.9770409673367856,0.003115497256618889,2.4207526503229937e-09,0.002707166671340643
589655913,0.8742712306396138,0.002369999493624225,0.0009895173520389588,0.008352988323635156,0.05593379794586755,0.046958586745447665,0.001539069530869393,1.3461036524302023e-09,0.009584808622799666
589656289,0.9407237041745632,0.0017557575140595672,0.0008401260178576415,0.0014118080167374548,0.001343779654797424,0.010879075453263975,0.011445465864721074,5.80157353858633e-10,0.03160028272384245
589656347,0.9603461612767166,0.0013601657113066672,0.0007730364200205034,0.0011741493392176086,0.000836049282627375,0.005097506480709329,0.007803646041630842,4.962215232948205e-10,0.02260928495154959
589656594,0.9718305099960763,0.0010666824063331635,0.0006750332681318777,0.0010922865365283977,0.0009059432207626618,0.003475326390371546,0.0037048698088432593,4.159849055035047e-10,0.017249347956967923
589656969,0.0033918431389074345,0.002752963074108119,0.0053477918545478415,0.004039777777198052,0.00038763759173746814,0.004215417727964815,0.004505995744889262,2.09216830340814e-09,0.9753585709984787
589656997,0.0028961643135215057,0.11767124856821345,0.00037965968547532035,0.006058636094304024,0.004378578577589332,0.8618001197239478,0.003288043165613716,4.113859477465721e-09,0.0035275457574752513
589657024,0.002138385849562025,0.06700323833282872,0.00031719207384782786,0.004235719732264889,0.0018611673104582719,0.916079856908445,0.003091361950232244,5.148890555497651e-09,0.005273072693470602
589657428,0.003227057318939458,0.002300266837099889,0.0007260461133862042,0.0027344875950856087,0.0005732497769804986,0.9758587228092862,0.005405490607162726,1.465405726920835e-09,0.00917467747665371
589658507,0.04161577667603587,0.00371885581422101,0.0013440698336881613,0.006423317457205039,0.000692259161736448,0.7980753986662149,0.033619736713776105,2.62510549418644e-09,0.11451058305201701
589658589,0.0015567209782797822,0.0021381764878833412,0.00016668049938324116,0.0015890264866102069,0.0004912111120835423,0.9889493098083401,0.0025575185122130337,7.125917052158756e-10,0.002551355402615136
589658819,0.014682380467450578,0.004016647507543523,0.0007207484068884016,0.007920721393980278,0.0013589024187621874,0.9007946142482478,0.010544580200427997,5.3156512243612e-09,0.05996140004104805
589659155,0.0008770097281115789,0.0007986072203763172,9.282901173378486e-05,0.0006366420630923039,0.0001756544273541657,0.990334473088044,0.004131904468648158,5.78544147331189e-10,0.0029528794140955958
589659326,0.830855895195309,0.00207362779989564,0.007729055011450039,0.04159595216644663,0.006015547291538531,0.002703404949110774,0.0007805553412608176,2.5766573839266962e-09,0.10824595966833116
589659508,0.9633516929701188,0.000591217424064241,0.0015569457422296457,0.002731694724895213,0.0012747898968155879,0.0033699428521311485,0.0006770893025848351,5.12933540477406e-10,0.026446626574226993
589660168,0.1595875637969011,0.012016232960361537,0.00172816226392491,0.007707004365737802,0.00729135496869516,0.10017597574363703,0.30174771665919015,5.737967763819986e-09,0.40974598350358454
589660415,0.9653230525288212,0.0009666319484076724,0.0006395956152818806,0.0019002742525085,0.017485846251336153,0.009983377009002477,0.0006675184679261999,4.479672465454008e-10,0.003033703478748705
589660452,0.004471524161657871,0.003050004185533608,0.0016166773642542999,0.017686947118625933,0.0005941493199996102,0.008049641219254913,0.002180615924008379,8.901432393812307e-09,0.9623504318052329
589660696,0.7351922318409491,0.003029281665476292,0.0021616082862231417,0.008154104435045911,0.02933139489535343,0.04731934734050964,0.0016667047815707996,2.505762912941617e-09,0.1731453242491088
589660762,0.005569362725670199,0.011519444676538761,0.006372371932772658,0.007336981054590456,0.000918932388182944,0.9396163629587698,0.009106530144229552,4.621169860890357e-09,0.01956000949807574
589661376,0.02856828136876319,0.020153514439371037,0.0010592798657339578,0.15891926634121006,0.032789841811329906,0.6151496867915364,0.017317766433948608,1.317395994209391e-08,0.12604234977414688
589662414,0.00501968928901555,0.003670031967778914,0.0008324640901058058,0.03230756500465357,0.0013476846002110489,0.019789497767236344,0.004393659011872713,3.0082193164654267e-09,0.9326394052609067
589662481,0.003974801652327859,0.0010724324280171978,0.0005334465458747691,0.0026037130460477274,0.0002769615339091736,0.00863626884132016,0.0015086042355403947,1.760640417007489e-09,0.9813937699563223
589662575,0.004541685005654498,0.0015319217625639366,0.0014094435391884914,0.0074200060204078055,0.0003768872615570863,0.007256125985112988,0.004838981730690229,2.4259244984778173e-09,0.9726249462689005
589662718,0.002245490384060894,0.001833699147625522,8.649502189852532e-05,0.0010580836094315966,0.0008673569864658538,0.9875296670852278,0.004180304851571963,8.496341223936077e-10,0.0021989020640836407
589662935,0.9618493262663427,0.0010524658158792856,0.00044312287725570276,0.0014873203611396775,0.006429910369553612,0.02261458641892034,0.0012347240844242026,5.589210870631335e-10,0.004888543247563428
589664264,0.001602911261494215,0.0010627608221254893,0.0003172965057289486,0.000984248974232825,0.00022048964619072347,0.9092959599456724,0.020343443921376558,1.3966426177564822e-09,0.06617288752653636
589664422,0.002343545068583234,0.006287666814015991,0.0013145672565488286,0.00692879410842151,0.0012391774141814586,0.9514755167981576,0.01065689824212425,3.6601387531833667e-09,0.019753830637828533
589664612,0.9491145884158486,0.001706779067367805,0.0022082408056365854,0.0011646618077226336,0.00805514830759916,0.02035316814078586,0.013109402855191821,3.499694910886853e-10,0.004288010249878111
589664785,0.9607172577826905,0.001434668687151839,0.010632415175958428,0.0032928422009952684,0.0011229545511538051,0.0018243650256298926,0.0007858505801417958,7.238285519202622e-10,0.020189645272449996
589665151,0.0015918587000381863,0.0060293477925992605,0.00019417739590399025,0.002936524203733623,0.002727052105710739,0.9826000170251422,0.0020131588277240023,1.930487462192099e-09,0.0019078620186603172
589665712,0.00250797238576556,0.011520705792963578,0.00014797368554894972,0.002270448542804843,0.006927099676530226,0.9700403377331717,0.004637576615114508,1.8953085465807022e-09,0.001947883672792162
589665871,0.0009253830933865849,0.0015980819779886093,0.00012734775165403186,0.001089398021349152,0.0007436014945860625,0.9912871351595457,0.0021312538886634927,8.552207128286609e-10,0.002097797757605644
589665881,0.006521949767915983,0.005860340370039832,0.009854460430997627,0.005740121563991346,0.000583378716637736,0.22063022144176905,0.0875051881278387,4.394359070358141e-09,0.6633043351864507
589665931,0.003294534422799927,0.01975674058270018,0.00036040047222962403,0.00523966912056342,0.004219146421627013,0.9472084137601989,0.001971935251664077,3.847645565915412e-09,0.017949156120571103
589666035,0.0012595964014015578,0.0070588598248807494,0.00012049101858464315,0.00182910644646143,0.00200724914672995,0.9837551682525278,0.0022386614296992305,1.0747669085143382e-09,0.0017308664049477268
589666037,0.0013854068761430455,0.003895320686322252,0.0003610514782678385,0.002039594400391251,0.0007687800272887795,0.9856788345082595,0.0026734367653614734,1.8066946295240964e-09,0.00319757345127128
589666050,0.0028215673401611532,0.002195125539161573,0.0008033911847663437,0.0024911027425717964,0.0006997591722877391,0.9852387319840056,0.002559956246376181,2.9846803291782644e-09,0.0031903628059893967
589667016,0.012107992381677765,0.002445922784866798,0.007150649445004386,0.0038708334338960378,0.0004535424695505048,0.9242684912392743,0.011621697103871164,3.2079431615109806e-09,0.038080867933915775
589667061,0.00452368172283943,0.0017867939754986446,0.0012324396588985415,0.0014584705605861633,0.0005256572610210471,0.47757396794531326,0.42849205745984803,1.386265860556628e-09,0.08440693002972906
589667121,0.0034781145761893333,0.003216068957140735,0.0013769781788735458,0.003832879935010265,0.0009644403138837187,0.9693416784213165,0.003995695263129295,6.692959100315431e-09,0.0137941376614976
589667280,0.005419604020479657,0.005778327731198951,0.002224307195603392,0.009237864495486825,0.0015117066950535117,0.868823127498558,0.015545447819452458,5.640589453474892e-09,0.0914596089035776
589668178,0.0012160848956505276,0.002182329602837787,0.0002720173742490879,0.001541450652142122,0.0007480609347733211,0.9893729066082162,0.002044581882988415,1.2091719786049431e-09,0.0026225668399705673
589669967,0.0010403429997624426,0.0008197347824462458,9.745219635190841e-05,0.0005780204836073166,0.00021333122076185583,0.9802719674467307,0.014106253869776368,5.925061312462736e-10,0.0028728964080571013
589670413,0.0019467667106199877,0.002304906394699904,0.0003340193882943678,0.002329323880476528,0.0008171039203218434,0.987206190667168,0.001861052465741432,2.089513541728197e-09,0.0032006344831645352
589670559,0.0035095146918509654,0.0025267025263064897,0.0012285238956561081,0.0037192585754615612,0.0006463413111691926,0.9757784115072049,0.005597326425430183,3.1793815327797175e-09,0.00699391788753911
589671370,0.0011950959633183608,0.001228786683258651,8.141199485636761e-05,0.0005857402512257495,0.00033218417754249407,0.9873898796113625,0.006419875082625001,8.549052214727166e-10,0.0027670253809055
589672410,0.00823005931626742,0.0024326078054061626,0.052762483396724555,0.00904463916957156,0.0004944117853874292,0.01379600553634612,0.00711189094564595,7.493806428136034e-09,0.9061278945508444
589672725,0.0011788975780037188,0.0006507819179343078,0.00014597888112320172,0.0006564327534727808,0.00027181791545278377,0.9930314641061098,0.002222347308271909,6.092398966851274e-10,0.001842278930391629
589673081,0.9777157857838648,0.0010716984542571727,0.0004785833994547688,0.002455693860147644,0.0067886353496862725,0.006999970268717815,0.0007138338811566237,6.693142499780771e-10,0.0037757983334007345
589673223,0.9611373373084918,0.0012824571507037814,0.00019011512349418965,0.0007736656577427437,0.0019827002902729797,0.019054917772970244,0.005735501236602607,3.0202260037385065e-10,0.00984330515769892
589673447,0.9810978890673098,0.0008279340593915429,0.00017981250490681593,0.0012066405565415513,0.002158096223833186,0.010773494704440403,0.0007165530084441986,3.2974857214721365e-10,0.003039579545383771
589673567,0.9720686032972587,0.0011177016423879567,0.0012715296113943132,0.0019025404534235972,0.0008358478570834032,0.001982342640937066,0.000533237341943077,6.994849637169244e-10,0.020288196456086934
589673733,0.9743276687164926,0.0006061437713106465,0.00163150419904552,0.005508953041898373,0.0011547278328196866,0.0009359672508367246,0.0003935251035467577,6.049619148558522e-10,0.015441509479087866
589674007,0.8474404311012673,0.0022255307119779175,0.001926106992058128,0.0016196860382008545,0.0004444285635550266,0.020368848756414384,0.02464731431065641,1.161448481262523e-09,0.10132765236442151
589675810,0.0010845475331604192,0.0008876368598494444,6.038413443014873e-05,0.0005410193569773984,0.00040829082199729283,0.9910105128001064,0.00502866927023359,4.2746225526179093e-10,0.00097893879578295
589676011,0.017357334466421893,0.11643257463584467,0.01818275056348924,0.11004453628708305,0.5412682749232843,0.1844827484566555,0.004079578933391909,1.6427954808319292e-08,0.008152185305874679
589676630,0.006186838023402166,0.0007570534988444118,0.0004489301584844473,0.0017765981770953598,0.00017715130432710422,0.008541508369106448,0.0064070843480206014,2.4965177059724745e-09,0.9757048336242018
589676857,0.006873302811129034,0.001635671053088385,0.0012390686921864666,0.008024671387617916,0.00047273889574431406,0.005725697237563517,0.012289064430711727,3.73936319595374e-09,0.9637397817525953
589676979,0.012859539998642007,0.0029168112095913877,0.0008017235530389525,0.0028102353420382466,0.0004484648508953839,0.04586446152829315,0.020745216084514195,1.1931452712770113e-08,0.913553535501534
589679195,0.9808997195210569,0.0009217427689155632,0.00037805281470848647,0.0009127096258414019,0.0016206812493549465,0.008588687905317697,0.004886598324833115,1.9858311981039797e-10,0.0017918075913888282
589679886,0.008332662039079319,0.0017283689750315818,0.003672395644811568,0.003635453823672232,0.00036964548232533336,0.009593519781383276,0.005686034208859439,1.8873079380124834e-08,0.9669819011717578
589679904,0.006361919465218369,0.0015969886096070009,0.0037207376014281937,0.0018656797594351674,0.0003349284953155645,0.03846095151732067,0.08497277186597096,1.2249342686607882e-09,0.8626860214607698
589680591,0.0025476438846183266,0.0010172580577449306,0.0005654456577788716,0.0016641070431040877,0.0001463541497818041,0.004131349622599692,0.00483195777537688,2.4073782421435894e-09,0.9850958814016172
589681462,0.006406324889638551,0.0014555804758715676,0.001841226541722512,0.001621432842919126,0.0003402896899635695,0.049909288793539605,0.07339977720107436,5.237717595100019e-09,0.8650260743275532
589682555,0.15681459520841884,0.01822154495648574,0.042161314059419364,0.15391170225449985,0.0034635097892753075,0.5281021866175952,0.00617999657983781,3.28369091843727e-08,0.09114511769755862
589682867,0.0017047912816638112,0.0009187084506682654,0.00014873016574027819,0.0009170715622363021,0.0004033428713145245,0.9913786341088516,0.0028112785989892067,4.623140580448646e-10,0.001717442498221967
589684413,0.001202892089581371,0.0036958378566368543,0.0001580564892254317,0.0019490571296731315,0.0004997802805911004,0.9887643104282621,0.0018326395299868886,1.040258897265995e-09,0.0018974251557843734
589684827,0.002908367003459444,0.0015954908245782377,0.00026170275554441853,0.0008930849312072213,0.00030068713815905023,0.8125549693864833,0.15944148189403826,9.787939201161204e-10,0.02204421508773625
589684864,0.0037145994911343488,0.003209078808806296,0.00150097555482044,0.003150467137370615,0.0005548947564443299,0.9770583016872207,0.004074851388488082,1.0173560279885235e-08,0.006736821002154917
589685081,0.933587976430687,0.0018992761925605145,0.0002594791269890193,0.0012687412636523706,0.0062600580889931295,0.036706195067731526,0.017532806516544798,4.741036385357765e-10,0.0024854668387380287
589685100,0.9852656011880709,0.0004065761840260595,0.0008495563095283046,0.0022217810587356833,0.00039869002081186725,0.0009623848454582608,0.0003576441440544953,9.676090281721312e-10,0.009537765281705407
589685160,0.9920702083464981,0.00033475780975057793,0.00046377416102636663,0.000434657428594362,0.00018344383201587093,0.001005542797566662,0.0005131830553412061,2.4939284832055797e-10,0.004994432319813993
589688360,0.030027198473862014,0.042074135357398346,0.005899829899447196,0.40378006806648187,0.005694504298970172,0.45602216122604283,0.00839084244817012,1.2622341944087116e-07,0.04811113400620811
589688604,0.00428499010599533,0.0007492971533291093,0.0008334620620660539,0.0012108984890956255,0.00014065645216018802,0.0033806505451268623,0.012769601510244621,2.2989827767760593e-09,0.9766304413829995
589688616,0.003530029824632791,0.00039173014624340266,0.00028615977180640565,0.0009240900323062284,9.841600314179763e-05,0.003042023030310965,0.0026111483606438015,1.9212496323020965e-09,0.989116400909665
589688722,0.00852173762133436,0.0012792364102572839,0.001147936714567715,0.001053251387362225,0.0002058947133860021,0.011568658792148991,0.7399042077052623,6.987963496549884e-09,0.23631906966771754
589688801,0.003445573969534416,0.0007692406966302262,0.001928101731599501,0.0012446283853046179,0.0001329094963055926,0.0051785890707967954,0.0034791606338871843,5.0922179251146685e-09,0.9838217909237237
589689732,0.002981409336803666,0.02591893740761808,0.0004962421983622759,0.0036254783902388513,0.0019139960678094534,0.9603106597774645,0.001522180757694917,1.537699351685014e-08,0.0032310806870147943
589689931,0.0013487739095413697,0.001023735939458328,9.533738454022404e-05,0.0005601633372319731,0.0003550947718057409,0.9771722451588928,0.017950549134727455,8.421926405443461e-10,0.001494099521609534
589690006,0.0008794230392038989,0.0012979616882336942,0.00013559026151406701,0.0007153924787122659,0.00025223841771395306,0.9923798979095908,0.002408599845339435,1.2712398323808888e-09,0.0019308950884521167
589690188,0.0035771425853168537,0.04931164399285605,0.0009795883496527154,0.007732937006237176,0.0027410781959574687,0.926281335243947,0.002011344422056688,1.356721718251214e-08,0.007364916636758946
589690306,0.0050839894816400765,0.0064025548723547114,0.0022122602794027862,0.002213129211583298,0.0009318657563020953,0.9549700704924283,0.008140742825393529,4.807334978686462e-09,0.020045382273560078
589690787,0.002354173210151366,0.02218608953163561,0.000406725699680214,0.0033800184798457923,0.0019072452599789784,0.965591762290394,0.001914822439971556,5.2045427527203885e-09,0.0022591578837996692
589693943,0.002423642293203842,0.0028155589630144816,0.0005268508406389939,0.0019972655867253903,0.0004628841128708079,0.94522531430068,0.01441664815417469,3.918348290984274e-09,0.03213183183034356
589694191,0.005433811266667813,0.00225691997207515,0.020727459081740448,0.005970653021952411,0.0003564134760232681,0.015975205369366842,0.005535978626890094,1.1732157697505989e-08,0.9437435474531263
589694200,0.010153135019499547,0.009798701312245738,0.02060400868383883,0.012887414828858421,0.0004020354266575826,0.027539101859589393,0.005786696106763446,2.025625902008173e-08,0.9128288865062881
589694392,0.9874417610506263,0.0005777857657475329,0.0004481760285265053,0.0005946470865315171,0.00027349445692052653,0.0017679210927818239,0.002544564682392217,2.945073666807138e-10,0.006351649541966239
589696112,0.011514129265097319,0.003709689122996686,0.0034489899822655063,0.005003970490300294,0.0005791246810385055,0.06000044031394852,0.008573293609038628,9.818688548195386e-09,0.9071703527166258
589696361,0.0012421031147006284,0.0017338314895652025,0.00010091543467763534,0.0006789944158820765,0.0006606170294100636,0.9920144501923633,0.002254250452702966,1.2671596943132329e-09,0.0013148366035382988
589696723,0.08072678653277741,0.2784535291737436,0.012347481673933344,0.08109683179059138,0.019389401732292384,0.02051560330984499,0.014080477101267332,9.782761779679199e-08,0.49338979085793166
589697175,0.009528926064196797,0.005896266142179578,0.005442783460446384,0.05115569556233423,0.0008848567990228051,0.01972379480554981,0.005760280483312554,1.3643487861273525e-08,0.9016073830394701
589697302,0.02929850675210845,0.01984135464810426,0.051559103409454465,0.29103847202702765,0.006351875478783684,0.1603285218812579,0.014146033322215857,3.1026784242952283e-07,0.4274358222132053
589697529,0.021152051781521884,0.02762568021790484,0.09234039987617061,0.16265275780692204,0.0034967949768824457,0.30596412460815464,0.04605074476386338,1.0436813139241083e-07,0.3407173416004487
589697812,0.057998594576729914,0.07491351522995329,0.029171478736934656,0.16242010640231364,0.006394800039343712,0.032675800476317685,0.007995956141378144,1.892667865755122e-07,0.6284295591302423
589697922,0.003053923564024033,0.0008117767178555938,0.0001231035309261123,0.0006402707387219147,0.00036438989060699143,0.9826982801992914,0.006583785980863768,1.3616397359312511e-09,0.005724468016070551
589700941,0.004258935914099032,0.012567022568363971,0.0017906155371941333,0.005631073861679831,0.0023489895554913167,0.9609009361990956,0.004153564921819183,1.2658928684553059e-08,0.008348848783328084
589701301,0.012672857994247924,0.007018492892327468,0.07929879175172656,0.015284808220169213,0.0011689312726792223,0.8598106610437661,0.006629459361071447,3.667085910523864e-08,0.01811596079315284
589701406,0.048004409225910476,0.006877826392828536,0.2827243249076863,0.036141722944335646,0.0025043726538688505,0.12674160610030014,0.006929932661483386,8.327777250575331e-08,0.4900757218358142
589701442,0.007448994909530245,0.0063560060664237476,0.007910867442020476,0.003157190782002589,0.0009448186803019359,0.8876158449691551,0.01996675800274951,7.87537928783121e-09,0.06659951127243714
589704957,0.021796572798534662,0.012172318204458504,0.026967317770384573,0.1445515871125182,0.0014441864584265366,0.014985522459915225,0.005708322161247153,1.1951902295637715e-07,0.7723740535154923
589705018,0.013837415417416407,0.00995622378888236,0.025370363600886896,0.03195901885779756,0.0008578041158812456,0.01467655365763643,0.0045577170865334846,1.6508256942316233e-07,0.8987847383923963
589705042,0.006399627614559935,0.0012975644987737683,0.0011312958170638634,0.0014428375157364637,0.00029185686058680365,0.011974378769309036,0.1788835299808512,1.3135068369566232e-09,0.7985789076296121
589705510,0.006474475646271279,0.004602127419250668,0.013778547819169432,0.003962595256462096,0.0017969980074112636,0.907103690176229,0.015466126966134681,1.1499960704823199e-08,0.04681542720911095
589705898,0.0064568139417378574,0.004976966880626201,0.01253506586389054,0.008598428155310147,0.0005111619911145901,0.39518190609111875,0.009819591716241985,7.787535364994895e-08,0.5619199874846063
589706024,0.008340444393618284,0.003077898837186894,0.00798510325262253,0.0036595252702514274,0.0004375105496023417,0.8850973677183981,0.013339474776995947,1.238038938789995e-08,0.07806266282093509
589706264,0.0030280972376075864,0.00122048780882652,0.0003026379771489041,0.0014326722007225407,0.0002934441012484835,0.9827256708038827,0.006316220623683957,3.238793394459105e-09,0.004680766008086026
589706502,0.0010973085963332464,0.0008041436619256639,0.00013684954808640837,0.000533991534818746,0.00018280117396609583,0.9927727175365323,0.001988633133721498,9.671753152844468e-10,0.002483553847440771
589706644,0.00230653809579675,0.018649833789986983,0.0012017947147331268,0.0028465740370870363,0.0008200605138673303,0.966957554911182,0.003707811177997452,6.461458647694099e-09,0.0035098262978906667
589706707,0.005652799383866012,0.0015358437532886795,0.012413080228684864,0.0015859469855400905,0.0002754123862324158,0.953156562787265,0.009259198884781798,3.5512209510688898e-09,0.01612115203912023
589707916,0.9457990176444155,0.0006001905458930561,0.0001631920845706946,0.000650238955505353,0.0007612533266333903,0.027391564994593994,0.002740043766271561,8.377937702251806e-10,0.021894497844322642
589708408,0.003301087884569002,0.001276257873026133,0.0002601650077134067,0.000721811318598052,0.00047824782301913397,0.9898797475978608,0.0016757803506051926,3.287497812328941e-09,0.0024068988571105264
589708651,0.0029874642051902762,0.001375470132042905,0.00023997714480603587,0.000659905819725628,0.0002306320981858575,0.7395623139217959,0.2501786609832938,1.8345019228723689e-09,0.004765573860457762
589708749,0.011268028252752778,0.009289607506827877,0.04269968620357969,0.006175213694887699,0.0009457827219197173,0.9082271335046899,0.0062213775524500945,1.794687188962351e-08,0.015173152616020527
589709256,0.0047563539143748775,0.010527148856918581,0.004930709594403133,0.9472243137595406,0.0012628934239497529,0.0044756000842203665,0.0015123702394716167,8.736738598679444e-09,0.025310601390382412
589709407,0.06566726331678865,0.040517802448417205,0.11726833204367801,0.4054263661054992,0.004106168673215827,0.049207897746494325,0.011486149824054317,2.8022700772541184e-07,0.3063197396148449
589709560,0.010948251794606933,0.0011446279418527055,0.001367359971543647,0.0019473858346734307,0.00022948051419395765,0.007969953435109272,0.021396222495250503,1.9459861275617066e-09,0.9549967160667835
589709628,0.16885812845426676,0.0014614344586759878,0.005948180168740758,0.004701014901344363,0.0005523776213328533,0.03132963620130651,0.011599221930935029,1.3766900297753276e-08,0.7755499924964975
589711120,0.6566768030424698,0.0014361716035974877,0.011132652849221044,0.0024114234293829504,0.00039391803213693037,0.027170967301918154,0.012903308493711641,4.366134497588519e-09,0.28787475088142744
589711142,0.04445125463844314,0.0007668149847567357,0.0018588584034862482,0.0015345158975065764,0.00025459239704888687,0.010715406869182644,0.013538525153967106,3.4851813778249924e-09,0.9268800281704273
589711313,0.00881431452167425,0.0010910330973496068,0.0015083824212955446,0.0008725024187212114,0.0002335685894964717,0.014268526105519357,0.8001051668795076,4.931536502527432e-09,0.1731065010348994
589711439,0.33879834762106703,0.0013593703824818363,0.01160832105328886,0.002487262680486814,0.00041188785685369905,0.013587145696132941,0.3239164108576662,9.585960808919644e-09,0.30783124426606173
589711493,0.004175464447835097,0.0005951734854565547,0.0012985526558991398,0.0010714489437854994,0.00011158045951841691,0.007059587736890178,0.006100601872630225,2.4571671065156794e-09,0.9795875879408177
589711515,0.0022965775966681313,0.0004677139052966802,0.0002697572953454095,0.0007457419483133484,0.00010711711987661091,0.00486890222698006,0.002951886853075722,8.310742163934407e-10,0.9882923022233698
589711963,0.0037667567785690122,0.0043273917973930985,0.0011900342343429612,0.0021086995540095005,0.0005760680937104935,0.979690726942595,0.003937752218691247,2.674536029368282e-09,0.004402567706152702
589712145,0.0050270345972171955,0.001954636099903462,0.021741950020822555,0.0025001869001791063,0.000327953157745179,0.03171055992053685,0.008968217693498537,6.510985852290866e-09,0.9277694550991112
589712387,0.012317771419634874,0.0014176927529663888,0.009831838157459276,0.0014261513125688545,0.0002728653667616349,0.11777614425088113,0.05573188588682844,5.379776250950616e-09,0.8012256454731231
589712456,0.0071141014989243604,0.002760101214981455,0.011606621639950262,0.0028888115018670234,0.00045882007877619686,0.07043374139153256,0.041555669827164236,1.0328262869271006e-08,0.863182122518541
589712514,0.008669744957937188,0.0016760514096063105,0.015598647030414725,0.0019007210004702657,0.00031991781918068804,0.020889704641964442,0.01950851664868819,7.684716325762659e-09,0.9314366888070218
589714985,0.0030766981243741613,0.003685543310684942,0.0006852935501648518,0.0020022822773269394,0.0007321989989656769,0.9615590031092431,0.006983690720021315,6.563033071841738e-09,0.021275283346185978
589715234,0.004601592231984582,0.0007547669124847379,0.00021627029809110517,0.0009741852010096679,0.00016107444632359417,0.9835611807009704,0.002688796119005042,2.3944800532693158e-09,0.007042131695650712
589715303,0.002928549703875508,0.01202550826326092,0.00042739219366617583,0.004351367140737866,0.003880981541632235,0.9716496721940068,0.002005331448752447,6.244423345311902e-09,0.0027311912696448364
589715632,0.0017151713663523642,0.0006867962775589316,0.00013200741234391301,0.0009542069035059689,0.00021963526584988703,0.9921295023985518,0.0008858746756025795,3.8985922774488866e-09,0.003276801801642277
589717387,0.0035040475463020333,0.0004241842931583846,0.0003141305983126018,0.0008969145862647938,0.00010276234557548651,0.002030144627584959,0.0014180815943323063,1.2803472872130696e-09,0.991309733128122
589717441,0.0022052659240420166,0.0006166853678498072,0.0004826947391866363,0.0009817526810406683,0.00012664947283328004,0.0026061403633514508,0.0014594086387235855,2.989840316398026e-09,0.9915213998231323
589717612,0.013663331655682226,0.0017846805561473843,0.00554670505758162,0.002727035328977351,0.0005525211719890541,0.007753138737778592,0.0020309987981337843,3.834981408571261e-08,0.965941550343896
589717921,0.035332041197883156,0.07743227048703284,0.11635168906979239,0.04202499487847216,0.01067073756832578,0.5132569225562089,0.04327206266605207,3.2558801598502864e-07,0.16165895598821678
589719256,0.009807508492415549,0.0021295203685723686,0.0006262247249754376,0.0011940284318360194,0.0008714229316897964,0.9779004905388478,0.004069699402708223,1.5542582628707976e-09,0.0034011035546966228
589719299,0.009555938756484555,0.0022510478092300197,0.0019423191450994002,0.0018489796111141677,0.0007167726081485578,0.9773243250404245,0.0027635089030591934,4.0781205443634306e-09,0.0035971040483191033
589719695,0.9805112261828663,0.0012623223803397649,0.0007905837973292977,0.0007867179520761446,0.0011826933086544805,0.010513454474841841,0.003008392646858463,2.6078563557560235e-10,0.0019446089962479375
589719855,0.9809076573058744,0.0010372125721872585,0.0006046419216775735,0.0009297476485499374,0.0049717149706729,0.007051550630469583,0.0006729740903979683,1.6480752296341916e-09,0.0038244992120952115
589719875,0.9854440192613259,0.0009130368149471751,0.0006438699907551849,0.0010331540917379019,0.004003940779219885,0.005354740263240505,0.0005898832146904383,1.4387550727247251e-09,0.0020173541453278434
589720121,0.03580379383615638,0.004875267194091297,0.019115766814880267,0.0038749396504872843,0.0008762438851867107,0.7889330103640867,0.006102473159888503,2.5017184077751918e-08,0.14041848007803887
589720220,0.005797101935526468,0.0024516508289230054,0.0018659191334304559,0.0018312806884047358,0.0004811424331680758,0.9783970970243441,0.002836624801501734,3.53929077748104e-09,0.006339179615410688
589720232,0.9718303232016385,0.0011117672522019963,0.0003306219357486746,0.000654058874277253,0.002540917701234106,0.020124783868400227,0.001071376806735879,5.352112947351176e-10,0.0023361498245520244
589720263,0.0014265213447673447,0.002266458490866752,0.00020326996744659837,0.0010534136907565407,0.00037453014867004446,0.9906547152885854,0.0022790918435211228,1.8594513807510715e-09,0.0017419973659346896
589720415,0.9850677099058444,0.0007505490286226064,0.0010575746223826603,0.0016107915710067064,0.002983881412729414,0.0056885342045878825,0.0004443166543217007,1.5134059234105565e-09,0.0023966410870987784
589720507,0.9846089206064416,0.0007144046045862501,0.0002617531342719344,0.0006527599656844931,0.000934786101028384,0.009264774212867088,0.0006556036472130764,4.142275684673851e-10,0.0029069973136797277
589720532,0.9843548363944625,0.0010454847989501666,0.0004155127070413788,0.0008737563762642426,0.0016977411177464608,0.008329008278958657,0.0012885172203497583,3.4628909997336036e-10,0.001995142759937917
589720592,0.078928534601737,0.0029520313233639722,0.008235443867969788,0.01789114011107323,0.0008327345538770977,0.21048391048449655,0.004976950448233879,2.770874296055446e-08,0.6756992269005055
589720619,0.9800356146189205,0.0009383638487302645,0.0006109162617449405,0.0008279886712213323,0.004170463751426981,0.010511886846894775,0.0009281548805863354,4.6555673878745284e-10,0.001976610654918153
589721255,0.0008447363859167669,0.0009949089277601873,0.00011198926157680461,0.0005055339064525436,0.0002270273464175792,0.9918689793351813,0.003115249963038698,7.456962374002156e-10,0.00233157412795996
589722187,0.0015324408799112102,0.0010296064482419444,0.00017256117954194127,0.0008577624082931199,0.00042006209479517737,0.9913313308625523,0.0026835811335234124,1.0958143103202144e-09,0.001972653897326664
589722624,0.02318905932463234,0.015463149580238814,0.5050393854998475,0.16497072892084283,0.0037609869157574044,0.015825388756257733,0.005344583135120786,8.95086589069214e-08,0.2664066283586436
589722707,0.019538447372757433,0.010914752097003924,0.40415578816507153,0.06291338414752032,0.002495274990208652,0.030207574426816514,0.015965104207539976,5.064512018807475e-08,0.4538096239479615
589724520,0.0010388972342521602,0.002004934717419856,0.00022410934339469414,0.0009050399967224294,0.00019706256236587557,0.9899799538876451,0.0027414099889212246,1.7855104464616864e-09,0.00290859048376823
589725904,0.002552764224434173,0.002070349499886788,0.0008347982941507627,0.001585439217440199,0.0004951294563777339,0.9876642157818527,0.002124146856731857,4.892281062720841e-09,0.00267315177684457
589726148,0.0019285508406319137,0.02050641290234717,0.0003417506625075881,0.0023380136279864128,0.0010268506929916492,0.9705476669605956,0.001462868082269046,3.880408641830476e-09,0.0018478823502619738
589726215,0.007757458844126896,0.0022383149699448136,0.009103404666885405,0.0029364252474001914,0.00043808445539705393,0.9578917223305515,0.007891132891382312,3.4698564496153076e-09,0.011743453124455407
589726486,0.9739511775301143,0.0016383379714450894,0.0011094792640830534,0.0009720049826932076,0.002707058174412916,0.012473915077076984,0.0050978401342315575,3.727189603008798e-10,0.002050186493223968
589726620,0.9695640270821907,0.0012192870215294604,0.001390089909872298,0.0010781382967652662,0.004893998658046561,0.01757136726250789,0.0020036339844537233,5.183809350571668e-10,0.0022794572662532668
589726946,0.004790308858286608,0.006312464438266763,0.0009639090991619498,0.004394709669851231,0.001353121090485416,0.9748367530507579,0.0027443084638061025,5.288392933480639e-09,0.004604420040991126
589728262,0.0027275808003001923,0.0013793108053256262,0.0003170155053018287,0.0008494085406362707,0.0003441682986222643,0.9898000368667099,0.001705152583257743,7.7175706118392e-09,0.0028773188822756304
589728314,0.009117072870250154,0.011516029078848163,0.0009607237283385417,0.006217876917136819,0.001887748577494671,0.9129786414118455,0.018438283839974833,1.37774456398513e-08,0.038883609798665786
589728978,0.0024780151244651978,0.0011181134327372182,0.00014008690635883205,0.0012235487276065857,0.00043473053082806334,0.9880872505309714,0.0031502615506689186,2.898666525262552e-09,0.0033679902976973355
589729079,0.0018291246065785607,0.0006386083726334904,0.00012180633095929502,0.0005651041619040769,0.0001776503849284503,0.9911042579674242,0.003042524266307524,1.609456368124963e-09,0.0025209222998080795
589729207,0.004767096998724065,0.002715946968797634,0.0025164275450096684,0.003376767997634012,0.000621114940761964,0.9419208895667908,0.0062981629334426205,1.897780299765548e-08,0.03778357407103628
589729216,0.0009649881008850247,0.004543313286630502,0.00013994712056086318,0.0008466009223534334,0.0003336714226322136,0.9905690114109803,0.001447779234414982,1.1608229058774318e-09,0.001154687340719789
589729255,0.04224666745413762,0.07221299224157078,0.37978785381291946,0.057622623740045946,0.00630208611358116,0.19072859058717714,0.028287162313011822,3.213455804996444e-07,0.22281170239197537
589729267,0.0006486334036992377,0.0010624328972729362,8.871217043071803e-05,0.0005528689051290459,0.00020332789880801087,0.9941961195568096,0.0019523284627793026,1.0209154477772096e-09,0.0012955756841556384
589729478,0.018181741135498405,0.0028721145944384224,0.0017953374642821873,0.0017803669985948026,0.0008713782719839872,0.7202965113584258,0.19756540941971118,2.4764815000471205e-09,0.05663713828058377
589729588,0.042570351700345906,0.07466742980666148,0.007678178430620495,0.027949369826157318,0.12968480090393028,0.6851906747532479,0.006352494102597141,2.712316005659506e-07,0.025906429244838977
589729893,0.015865770187657568,0.004969244197466929,0.0028146234026155577,0.003642516792335991,0.0008408656984028328,0.4047086678816624,0.4289036545346087,6.5966275381095e-09,0.13825465070862256
589730251,0.5231020918847938,0.0019010069026172134,0.001372136802840614,0.001340562595805415,0.0004648931982264167,0.04919380534434196,0.3109492798414903,3.2909622431572297e-09,0.11167622013892207
589730431,0.019682130138799665,0.0014957474145266356,0.0012301492645635896,0.0014215906986484712,0.0005590077768838163,0.19151880397337898,0.5093176050413548,6.788024087787554e-09,0.2747749589038199
589730593,0.004351722970054596,0.0014069142525654336,0.0006676028011201362,0.0008345981224633794,0.00030281501972785754,0.9491439662563501,0.035637541913405874,1.1122519764682549e-09,0.0076548375520605035
589731302,0.0032205154467185824,0.002269901971199988,0.0011232714193614808,0.00321131020721577,0.0003772257652687781,0.040398787003343865,0.005119222274184867,4.910980798722786e-09,0.9442797610017257
589732668,0.09157371732748175,0.000788697526749126,0.0005206711004178401,0.0014447915856469979,0.00020228641103283833,0.20536818813924532,0.6286439566575548,3.6024371107310287e-09,0.07145768764943426
589733071,0.0075150759117992485,0.0024202622673155094,0.00500088297049606,0.003242585516998664,0.0003279041085890761,0.6663525602882003,0.03372573161260305,5.093259399111547e-09,0.28141499223073885
589733106,0.001033154040613802,0.0011048654675084515,0.00015501526226759864,0.0007279056739921616,0.000238925307084852,0.9927103721615945,0.002731715938412475,1.879272556470544e-09,0.001298044269253726
589733262,0.005006904520386167,0.002737669824419143,0.0007540291838463269,0.0034835384657275568,0.0002722912996303899,0.01792899236447523,0.01149048150808677,2.397980749547904e-09,0.9583260904354475
589733357,0.013900747307807729,0.0044371809564494775,0.015454651739602941,0.004218235032682503,0.00043327557455304793,0.9177445367915829,0.006762448141053427,1.3460388458106193e-08,0.03704891099587972
589733365,0.007242232203139691,0.0022171187273957883,0.006163345444254881,0.0022005750092297187,0.00024912667195400824,0.9456918246424137,0.006903303382120591,6.4007413049260855e-09,0.02933246751875031
589733384,0.012361592418207836,0.0022645110570281668,0.0009104404936656787,0.002199959891320835,0.00036186181554177425,0.9657725779861231,0.004726664552150806,7.732239220728894e-09,0.011402384053722623
589733455,0.059226878116801385,0.07663501866191738,0.13929321686090865,0.5469921236232894,0.006211838426277108,0.07236918040051575,0.01854011053446956,4.2781141378383985e-07,0.08073120556440715
589733506,0.10330863708801026,0.0742017111719641,0.040568615520948106,0.24166882757646907,0.009206601437502689,0.4457977822976587,0.03026256023607977,6.234977626926564e-07,0.05498464117360457
589733753,0.006099369319552165,0.00506321303697663,0.0010565425541276706,0.004960757781081406,0.0006355374800707949,0.973185284139806,0.004265743139149075,5.0873552834164095e-09,0.0047335474618809435
589733914,0.002544759019831975,0.007807817692803728,0.0003558186114971803,0.0035637531871208807,0.002080288995910598,0.9779225083294171,0.0034920610606648706,2.8424094107645138e-09,0.0022329902603442455
589734589,0.00551871092799661,0.0024898102630955547,0.0011859183654557698,0.0025617614753837737,0.0003683446750064408,0.97317806945864,0.007510358703603186,1.6514557196942018e-09,0.007187024479362825
589734601,0.017570537575987095,0.031704084132063874,0.0023278213254939117,0.011429136492120118,0.007843964287402527,0.9152573518114703,0.005430451589793041,2.7261445086996542e-08,0.008436625524224037
589735157,0.015492181203543261,0.012589708659897314,0.03477249224276455,0.011561120837263428,0.0013721116390450776,0.36435316783386335,0.016943354688694026,4.63741673811572e-08,0.5429158165207616
589735318,0.007853819160682448,0.002984268130350036,0.0031291331684018776,0.003495181798212407,0.0005938441091638267,0.9083051649510234,0.008303997106762917,9.31597750301147e-09,0.06533458225942562
589735967,0.006331969352224034,0.008072303633358941,0.00030652716272829586,0.002049719169547507,0.0028037245713142048,0.9661573231671362,0.00799024974813855,4.305193204284724e-09,0.006288178890359154
