track_id,Clutter,Cormorants,Pigeons,Ducks,Geese,Gulls,Birds of Prey,Waders,Songbirds
6868504,0.010221050498081337,0.003998917181965069,0.9037688155979057,0.055951967432604284,0.011380918025379121,0.0033610310774594555,0.000532572649840646,0.005165534559380712,0.005619192977383807
6868536,0.011289574708594952,0.003119413991304671,0.9419892057441691,0.014366325467216282,0.006428187148668804,0.006596873143891183,0.0005254242811564255,0.004115927937088009,0.011569067577910545
6868565,0.007524750290864207,0.008427931332963837,0.7856275017083565,0.09731324548809685,0.07440189513853288,0.0071618921767107446,0.0009396858234213525,0.011211140154012575,0.007391957887041049
6868861,0.0003765309851208553,0.03988820523538636,0.0027379773258064018,0.026204870384468667,0.9148835981348431,0.0038157061319620596,0.0006501820097099086,0.00982622162008046,0.0016167081726222155
6869275,0.00014072527777527502,0.023562371292900758,0.0009290576532644022,0.022476799986427237,0.9369118552174742,0.004017717160256801,0.0003798557282415686,0.009807728576958323,0.0017738891067014177
6871418,0.0011239864816261782,0.006215741774420582,0.8755240882733895,0.06549897984119914,0.007941305263142425,0.020087606797621997,0.0007064049989918969,0.01617079093397353,0.006731095635634774
6872996,0.4591579347777392,0.00504908007780366,0.0018953372958294818,0.0012024356277425977,0.01189467899830224,0.386312332177481,0.047760833600312864,0.005730664385685105,0.08099670305910384
6873817,0.02304447693329803,0.08042147634127668,0.02275732157757441,0.008709278764521973,0.3744988917753317,0.41468634138274707,0.008959090731807853,0.033054334772233115,0.0338687877212093
6874023,0.00038452603241599106,0.026580344121707396,0.003812489661545852,0.007378019915158357,0.004684623316654825,0.8858605092476628,0.017388382411268662,0.03999398336976388,0.013917121923822183
6875504,0.0003750895101324099,0.011354398528665792,0.0103329902936592,0.005411249827852066,0.0022955432718684532,0.3010365811242222,0.027693094380538262,0.017265259853354375,0.6242357932097073
6875899,0.0011185181298797038,0.006714468499951467,0.003408097786028533,0.0018296548269496583,0.0012047263096792798,0.6867635336233696,0.10385741285616581,0.010476412316958344,0.18462717565101752
6877293,0.004639281772155427,0.004334455018243899,0.006337576675918952,0.006190936334570649,0.0011834251149759388,0.012977202617443062,0.021364051736279577,0.024632335763347772,0.9183407349670647
6880408,0.0014791966412160136,0.012544163771312148,0.006111066135034847,0.008973154564000977,0.0024946454967898824,0.6799076739452155,0.04411622204439131,0.030483380048306676,0.21389049735373272
6880690,0.0005960977470296059,0.0067358464660770756,0.02037200090826401,0.010084929404467211,0.002144345989754244,0.48411322150631786,0.018417810394859555,0.016220557172437696,0.4413151904107928
6880833,0.0007205388765015874,0.0004869562400322316,0.004300092880723159,0.0003263406584799445,0.00015634332904007262,0.007194504003899617,0.42099981022366234,0.0015723206204577573,0.5642430931672031
6880956,0.00013013245084589863,0.011782321711955973,0.0007128701715252543,0.0031050349231744414,0.001071937452946302,0.9574267865796893,0.012155733748071561,0.003308668447301041,0.010306514514490344
6881733,0.00042802733315023997,0.0002278477323551489,0.000332392533022022,0.00012809944996222574,0.00012861758315367344,0.009702896032302942,0.9686996106380731,0.0005529146198264219,0.019799594078154202
6885154,0.021231013148021092,0.01171875445467341,0.004017235940885292,0.0030063213092224807,0.003846091229429344,0.5127803933193571,0.08664900565541325,0.038394942222375605,0.31835624272062246
6887294,0.0015600198231678637,0.0033572344026459853,0.02904239545015888,0.0017579084578986438,0.00130096614980254,0.08965877775486022,0.005877697417468861,0.004258770767420345,0.8631862297765767
6887586,0.020795034278931646,0.0018426764260968803,0.01739543618025141,0.0072923633379743625,0.0010566940582390919,0.041971435450967924,0.01666005914946005,0.014341042871145631,0.8786452582469331
6887600,0.004106356485954461,0.000825672557813162,0.012464159467961514,0.004613727419418265,0.00048078198669937987,0.015478933942062952,0.005228898987124327,0.006944436956820609,0.9498570321961454
6887637,0.004507020326842686,0.014724643563560675,0.010723909798530022,0.013806076909000459,0.0070568092696747945,0.02138616244593382,0.014555511014234754,0.022146008354034744,0.891093858318188
6887702,0.024864591343749465,0.0009417664661500307,0.008427941229567757,0.00111963723482665,0.0003516169640620227,0.014904772364315231,0.051014354758314694,0.006042981108787351,0.8923323385302268
6888243,0.001017759451125131,0.020272260466271227,0.012814777750152892,0.0044973748828821755,0.007725285646582599,0.025678865843134453,0.010293825246923547,0.009941066408798249,0.9077587843041297
6888737,0.0009054698849263485,0.008270897486888862,0.03662424955817812,0.020420966621696332,0.00669366058569874,0.048937225154199855,0.00942940221020813,0.009727764439351307,0.8589903640588523
6889024,0.017118350292412713,0.000509318710345717,0.005464681451225646,0.0008360812786849031,0.00028795308422706334,0.00603005217365947,0.12451393523547236,0.005529901672326044,0.8397097261016461
6890285,0.002389544412945714,0.014406551683169356,0.002238045941916916,0.0008896427532698153,0.0008410984518915614,0.11243215033064287,0.7583457721116325,0.005267331677889006,0.10318986263664223
6890416,0.002251918848799929,0.007817086443814977,0.025428500385973045,0.0020413621175515155,0.0009333524164384944,0.10940027072096078,0.0670670549266047,0.027578789526711125,0.7574816646131453
6890579,0.001198227897992533,0.0007671347630451757,0.014152797697834743,0.0006384641205599852,0.00017605075820892349,0.0035556654927264976,0.04586994126929801,0.002077662471353173,0.931564055528981
6890917,0.001724425275588144,0.0025030367754588913,0.010411731420095629,0.0013962487813810617,0.00036713029672718483,0.028080300942005504,0.6037144945362573,0.0029756401043959826,0.3488269918680904
6891091,0.00418450350021396,0.0011970577194454696,0.13595236599138996,0.02310579919395544,0.0011701792891759355,0.007536762203048713,0.0019112139935997651,0.008378137117928085,0.8165639809912427
6891208,0.00046639918515727346,0.0003548131857487409,0.005711806979525651,0.0003101072596294595,0.00012497779748365837,0.010460072736073307,0.03018440432253891,0.0011098417762009376,0.9512775767576421
6891245,0.0005934945105352747,0.0009892096721634412,0.00554485451163018,0.0005020662617752197,0.0003529075632024356,0.04418615901032031,0.2774888872328491,0.0011714093736822878,0.6691710118638419
6891309,0.0001526572617708315,0.0007281297712861903,0.0024514811683163653,0.00029941938005904255,0.0001424476365138663,0.0059934212364289394,0.024596997744863413,0.0011720038625686923,0.9644634419381926
6891366,0.0015585627864323653,0.0001677097842439165,0.0006255601377052349,0.00017183707966084692,8.718187181543964e-05,0.0022423778969463894,0.018727107553007855,0.0005963847444760662,0.9758232781457119
6891473,0.002197337690871073,0.0014557435932319616,0.02716321143429898,0.002303929251456073,0.0006574928042658286,0.02387168542346983,0.010366525053833963,0.005350069330047513,0.9266340054185248
6891484,0.00026555193360787237,0.00020933478833665245,0.0016473234928815368,0.00020704835651726708,6.0507724846789194e-05,0.002207440216749001,0.007043649347139216,0.000925054319959515,0.9874340898199621
6891531,0.00201205375401742,0.004188285720290132,0.008948158532756123,0.0016815697996219517,0.0006626328014069001,0.04572235383296288,0.33781215680016397,0.006152452704963544,0.5928203360538171
6891557,0.0006132938148965469,0.001826798178650005,0.04602085871900569,0.0011928381591391369,0.00019215854469291,0.004141497509640689,0.005684961509703323,0.004882306609442171,0.9354452869548295
6891579,0.0004047595239148368,0.000747023761726086,0.005628302368865871,0.0006308170645687937,0.0002141627802647533,0.007439533130745451,0.04828163625358788,0.001462270614472766,0.9351914945018536
6891867,0.011853487327780028,0.001277991197818668,0.0073623219865657195,0.0009685430751821441,0.0003984543458942558,0.01518643863858092,0.84129387550795,0.004016765637030155,0.11764212228319816
6891888,0.001297254842581748,0.0003978627317527347,0.0035708936695147972,0.0009626337989110665,0.00021012365886122352,0.0022567994716224927,0.01474980440023855,0.007514432004223887,0.9690401954222936
6892297,0.023081614547944197,0.00045524543828795076,0.0017642089976986684,0.0004216174405696866,0.0002448917243882644,0.009004168704317164,0.2952143283064398,0.0022498928432008822,0.6675640319971534
6892562,0.0011739582007067938,0.0010477182219568756,0.0032809013732749194,0.0006724080559642601,0.0002197513122371577,0.005923593594321674,0.5941602410575747,0.0027880665438887904,0.390733361640075
6892587,0.0026393477925174226,0.0012038818438418154,0.004591021942880528,0.0008177149914479822,0.0003783669619598092,0.029002471162457983,0.15212482799944782,0.018670090557945537,0.7905722767475011
6894293,0.001077453074810647,0.5081266025579593,0.021471605976735638,0.03775251719214279,0.03986409754867568,0.3107154431996529,0.003181752668340781,0.03028565124159268,0.04752487654008954
6895609,0.0003022669359102634,0.004890693461128626,0.04043145573650647,0.010523771539347557,0.0005122223294702579,0.008488523309069407,0.0036815491976978547,0.01213330785405018,0.9190362096368194
6895723,0.004340264783486781,0.0005180152115157675,0.004427271729899509,0.000391066797114378,0.00025261915506349366,0.8792318975691837,0.08752500091128686,0.0017635060672188212,0.021550357775230622
6895905,0.0017372185784327973,0.0008863491413464733,0.013062054757093357,0.0005904485643022055,0.0005044460395953666,0.7477549643445315,0.13241836940614563,0.0027960792061285443,0.10025006996242421
6895906,0.003554793389184693,0.0007626652306157639,0.061614989197302565,0.0008510596648491875,0.0005525016710163872,0.8297314996009584,0.056500893778388184,0.0032452323528985453,0.04318636511478617
6895927,0.008035793242098051,0.002071593397280304,0.015405548311773468,0.0020317966916966893,0.0010860593181042633,0.8921217123741617,0.041891814421042346,0.004368798138379952,0.03298688410546319
6895938,0.0019303464402061717,0.000822066995115026,0.01190145740226099,0.0005054793993503701,0.0006148430421092944,0.6252152152108479,0.3121428572572344,0.003526014813832763,0.043341719439043046
6895939,0.0030878692554633636,0.0006678865944159166,0.007730834216498364,0.000444672967636944,0.0004050930454911339,0.8414965446249308,0.053426006258076766,0.0036843360921485057,0.089056756945338
6895948,0.0010673994884236298,0.0007670910654362012,0.006044873638194219,0.00045032101563196924,0.0004737248538121655,0.7949370080880431,0.08094132391183824,0.003901332493966957,0.11141692544465356
6895973,0.0035485665198190307,0.0006931011942962479,0.09197358634189237,0.0007599178861288291,0.0005261485064951723,0.7467292237540811,0.06795491073854562,0.0033267978156139174,0.08448774724312766
6895974,0.0017658049312544598,0.000516971315052657,0.006322643866652278,0.0004132975041759041,0.00030839008599360153,0.7545306735800388,0.15212176860620097,0.0025214940622540617,0.08149895604837723
6896754,0.0006219846087286656,0.0007526813529713636,0.00468615548424004,0.0005532946105926481,0.00027463410024376007,0.09425295462771242,0.03036336109682525,0.0022912997814885957,0.8662036343371973
6897915,0.0009816960319675933,0.04020568546946985,0.0613717067719657,0.0883048096417656,0.014552386625404692,0.15936452195652653,0.026864171803493393,0.11592352245284099,0.4924314992465657
6897964,0.016314217534814823,0.008464656228699657,0.0335481728561464,0.019728001672020972,0.010900629040954722,0.01406879784433218,0.010784727017126473,0.02311948627636439,0.8630713115295403
6899282,0.0008193026672438023,0.0007132143420785757,0.0010488156142408995,0.0005017399162979773,0.00021458730210713827,0.11664009717469971,0.3688142860469953,0.002755184803300737,0.508492772133036
6899294,0.0036811667239398534,0.000762281671322708,0.0027549847301292564,0.001266547185281016,0.00035099151526029996,0.006216930267402867,0.8206545698066519,0.02209339802597817,0.14221913007403397
6899376,0.00035849507368705246,0.0018528036893587388,0.008101398680044756,0.0008041759305774693,0.00023471135772332305,0.005329394303154622,0.05653358507133874,0.0028660882453704155,0.923919347648745
6899506,0.001585543644839935,0.0005807753557171637,0.001103306967255819,0.0003479379310567909,0.0002433475481622321,0.4065109844090165,0.5361153813925238,0.009529865385294753,0.043982857366133034
6899530,0.003550933462236571,0.0005813476529079745,0.001971770098962002,0.0035290857489752615,0.0003129751384014195,0.031692596251155135,0.003091692675734369,0.01533484679900926,0.9399347521726181
6899560,0.002205836059938329,0.0007599350736283881,0.002340072977189138,0.00200673135179321,0.00035982240085990325,0.13845676542888075,0.05420223136409876,0.02830702700976084,0.7713615783338504
6899670,0.0007467147253379349,0.0003472193531307318,0.0009337882799187244,0.0002542847095444764,0.0002371186697411686,0.020055244537816312,0.006580497016330175,0.0019732297440873277,0.9688719029640932
6899695,0.0003337433398812445,0.0005498694247148739,0.0011153474433179288,0.00046783532519791774,0.0002615273173917738,0.010740272720751525,0.0047956906951430655,0.0017156020159676021,0.9800201117176339
6899730,0.0006573293519925337,0.0012638268417363586,0.002921009882734114,0.0007713389137941659,0.0004929324588827783,0.05001793497786852,0.3246770299830279,0.005489966308738661,0.613708631281225
6899754,0.002055294424315205,0.0010374707028548522,0.012717753258302017,0.017833619929235583,0.0010714248860854121,0.02050424529434641,0.0028289144767106125,0.010122582145767415,0.9318286948823825
6901206,0.000548253381791829,0.002583730610422913,0.0035548078575018435,0.0011552872398871512,0.00043677481647577573,0.1668778953503695,0.14792930717383238,0.007831261803321797,0.6690826817663968
6902131,0.00024419998302287004,0.001889763415758563,0.0010542902152987548,0.0009130170808008196,0.0007471246711788341,0.8202125328809877,0.1458240998925936,0.008284498693017084,0.020830473167341823
6902271,0.001546281727160823,0.007372820741972001,0.017439511563923305,0.004630567345940334,0.003537460256179918,0.02226292889242759,0.002769496863746914,0.008785433129987556,0.9316554994786616
6904326,0.0007232695591762,0.00017124751341432722,0.0005670986823354964,0.00024895291794895875,7.536278359259873e-05,0.002320177426620432,0.008116566492484194,0.0021973594443938354,0.985579965180034
6908023,0.0002680262011032348,0.022200900932575058,0.00559062514759258,0.030400344018860936,0.012535000929921457,0.8749039640924572,0.006277108705490888,0.039507369955258706,0.008316660016740106
6908625,0.001014359765510824,0.0013273484964027808,0.005961033959207274,0.0008484643397900329,0.0003576202740374257,0.21027165720411756,0.23811502340025964,0.003349295399928708,0.5387551971607458
6909657,0.0007114211548652815,0.0005099184801814488,0.0018010279035093166,0.0003569365569355196,0.0001277240175805152,0.0037419631233173716,0.05153168542960856,0.002555916415771394,0.9386634069182307
6909786,0.0014354738696579442,0.00038768072441298137,0.0011893792152101366,0.00040366670778482826,0.0001563112834904575,0.005112837260188355,0.015875376204232527,0.007202475178867952,0.9682367995561549
6909952,0.0016020449983231936,0.0005984686265203272,0.002177794287741009,0.0006589195834361963,0.00020995065305845227,0.005374436447655392,0.25433802728649946,0.006062084791881549,0.7289782733248844
6910003,0.0009351759326727469,0.0002584708939049422,0.0010291800428502624,0.00024728614920835286,7.68108006886546e-05,0.0020303211033337607,0.018472158149902437,0.0016381192146838603,0.975312477712755
6910407,0.00021884848609481477,0.002222123053328189,0.0015299167196582018,0.0009809690463780589,0.0012252390261106524,0.9655529973776819,0.0063979896919543495,0.013260904332118715,0.00861101226667529
6910422,0.005921632826548642,0.0013787438166150997,0.009923182373652075,0.0016722085059213008,0.00046055723764830176,0.01028915105519334,0.19374937085328445,0.014156060029247844,0.7624490933018889
6910425,0.0015519396680819708,0.0002112141880671275,0.0006751931661395125,0.0002746739654591275,9.500083976687959e-05,0.002696114209561415,0.028243421287708802,0.0019288764991808368,0.9643235661760342
6910560,0.0016896405042510147,0.0016954164849492907,0.011416261240947979,0.006629007277177873,0.000512127807496295,0.010375928895487252,0.006907905077845508,0.132975467471227,0.8277982452406178
6910590,0.0020064129156669025,0.00031309038087043905,0.0011322838887489323,0.00033558924503583566,9.886253266437229e-05,0.003592862290045668,0.04743617733901672,0.002392500867096656,0.9426922205408544
6912744,0.00011354234987669836,0.006367418381499248,0.0008082407411135248,0.0009409296764584126,0.0019425231359616961,0.9653119495897693,0.00615949503026424,0.011442901888033801,0.006912999207023174
6919118,0.0008013689298799558,0.004036854030419745,0.014407843841169141,0.0016158529969725465,0.0007722420712852907,0.30836570745473235,0.11743650799758534,0.004078642334837438,0.5484849803431183
6920152,0.000771736720805893,0.003587252729949576,0.02301613943484597,0.001649925851335198,0.0008903299698180718,0.6140103258183818,0.10346353285521637,0.006312837981879371,0.24629791863776773
6925791,0.00026021314085098026,0.004068309339751942,0.003993429871596159,0.00129291928013594,0.0010290757123789648,0.8783648426272683,0.047820872741338456,0.010799021191365126,0.05237131609531401
6926246,0.00484967939822954,0.001781693686061758,0.005097653016594118,0.0006918916427292398,0.0007418662036875338,0.5098790497660611,0.4530021494109745,0.003250119103157265,0.020705897772504825
6928841,0.008454648960815074,0.007316644016640221,0.07096508041345582,0.29799879998124124,0.023184535154257672,0.09128544378275044,0.005429171529707823,0.45527226495627876,0.040093411204853
6928933,0.0026635380050833396,0.010364287757456804,0.00612695078124753,0.0014375339050427761,0.005055051703466135,0.8563196970982557,0.08502669219435245,0.005676448834005671,0.02732979972108947
6937241,0.001451549135661143,0.0004835343461618249,0.004348458524726716,0.0011812058255525131,0.0001707801581446135,0.002483852492565725,0.003915973805348009,0.009757293638336396,0.9762073520735031
6938426,0.00018505932349585806,0.002024071891758672,0.0009896929389890496,0.0006495032240391174,0.0006329053244685371,0.9518626271537604,0.02782071389229408,0.004236747646052401,0.011598678605141919
6938530,0.0005057858997479991,0.00139385052101604,0.001104386398579885,0.0008141276598671055,0.0006280428410180316,0.8942576873660749,0.08314859716359857,0.009648560851137137,0.008498961298960231
6938682,0.0004131934611654795,0.0008742947798712569,0.0012142956378769667,0.0003584467460162975,0.00024973477766589597,0.03315407892577796,0.5265678376341829,0.004105963321919048,0.433062154715524
6939166,0.00016328513722337033,0.0013599105837180643,0.0007253039264767765,0.0006698802585788458,0.0006637904271039208,0.9320329485161126,0.047084028574225396,0.006534065630120665,0.0107667869464404
6939222,0.0009873998225639192,0.00031135875115709466,0.001423777409741187,0.0002218553873008728,0.00018755153503271217,0.028440952780006797,0.954066080389441,0.0026532654269092047,0.011707758497847214
6944591,0.006152726333716488,0.0010861432789171974,0.005040873552193488,0.0004733162290513442,0.00030088630106001594,0.3548245166367035,0.5887950943006958,0.0022796302240089875,0.04104681314365328
6947293,0.0003046405777460984,0.0030116075244118463,0.009328096167184005,0.0010370584258341308,0.0013206358883972882,0.9202729508100458,0.012853172484430605,0.009622529745999297,0.04224930837595096
6952804,0.0011573653694037906,0.001601032997022378,0.5261478214727044,0.002005231955852706,0.0017637479306002036,0.23933932450008685,0.014046687401323149,0.004502323394468131,0.20943646497853854
6975207,0.00022190922306416524,0.0007613979756025421,0.0029989253385422636,0.0004586986431930946,0.0003276670561968172,0.9797845313695788,0.0031383205439921374,0.003793013002222187,0.008515536847608111
6975472,0.00018536072546223342,0.0008457855615544722,0.0014589044680025727,0.0002919681216490158,0.00047089711334961194,0.9674866155091297,0.010595095677436094,0.004901089020288856,0.013764283803127487
6975490,0.0002608840055414362,0.0009635226206315605,0.0012440490175418932,0.00036435979727755433,0.00035155609952132016,0.9638098280321833,0.003838202394919165,0.008104855759116745,0.021062742273267102
6976427,0.0002877856637142618,0.001237740386986199,0.0009514305194897753,0.0002855978342521938,0.0004738884723185602,0.8800866472521591,0.004931657256943045,0.007148788430911644,0.10459646418322519
10551287,0.002131574205471912,0.004488520829815013,0.006486064256520627,0.0024019790920220027,0.0030509898063076305,0.9135617466895658,0.029485062372055233,0.011510299074384181,0.02688376367385761
10554874,0.276633797699045,0.005510153020060303,0.005077551381118123,0.0024547520940105343,0.008799138179417678,0.6111974128138891,0.025206961429606902,0.008064475999581894,0.05705575738327061
10555071,0.0006569041423921507,0.0024346885214619066,0.0029110595862389993,0.0010102131000085197,0.0006899459267656148,0.7841687905096196,0.05983673840225324,0.010479424253499008,0.13781223555776095
10555459,0.0004446669567366953,0.010005155990872396,0.008104374992948785,0.0032114598568790524,0.0013135984697666637,0.7249964086897062,0.007892106745036822,0.16703260526768846,0.07699962303036498
10555968,0.005433674210102738,0.004237714316141034,0.016523764453360956,0.018125710972494918,0.0255392457291651,0.29616261641936004,0.0016963235724864884,0.1470746205160993,0.4852063298107895
10556692,0.0018135315498719548,0.006132821418353985,0.003903066586626205,0.0014986896302987757,0.0012922490044155813,0.09702273667629627,0.02109769811563768,0.03954092601930801,0.8276982809991915
10557065,0.0001028074964595669,0.002882464517749509,0.0005259690393780818,0.0007349245929332603,0.0016498929342252794,0.9721066577913878,0.01021437619069871,0.0035743055208853312,0.008208601916282473
10557235,0.0003765546136847663,0.0068867873073981,0.012340175845424592,0.014114300834138031,0.0035830182858466062,0.9026398077403552,0.007320782287229019,0.023892238922346574,0.028846334163577094
10557310,0.0007808572175898917,0.017706277020173324,0.003779009307942384,0.0031681058528263317,0.03639174139709888,0.6904250464869155,0.001972987978177809,0.021015202195003937,0.22476077254427193
10557603,0.0004572701627838091,0.00703946158291181,0.0014018963562844008,0.001268243526297533,0.0010251299740189907,0.9146081342543945,0.015052498761506215,0.00956307280313846,0.049584292578664244
10557649,0.00032723179905256927,0.00459893825936174,0.010309183337661378,0.0026319504073066577,0.007854491680745692,0.9383296554141969,0.004070022125894605,0.011587980794830418,0.020290546180949953
10559369,0.0019428903906797024,0.003475531497464993,0.002284683955455543,0.0007263050808628652,0.0039041007285023003,0.9027169518490565,0.0474760778277293,0.0037183606821942607,0.033755097988054594
10559516,0.00033325405979936935,0.004668513460481592,0.0012861704909422152,0.0008598949726107483,0.00170651081854538,0.9040614823007896,0.015396492057884473,0.0032978167494637587,0.0683898650894829
10559765,0.00042454635019788283,0.03105006821698665,0.0022071008171612653,0.002496739246194722,0.0030722428841990466,0.696520593677638,0.06944117284937719,0.02673942281434954,0.16804811314389578
10559904,0.0014724094492043905,0.004890926299975293,0.0021457330839339678,0.0014766730097207667,0.0020787583308577904,0.8852161467404778,0.05555036182212193,0.01492495514606098,0.03224403611764719
10561136,0.0015023006661779117,0.0023210200703056754,0.0012434192322101686,0.0010184825839133166,0.002027004398706829,0.9252197318397913,0.0209187988100654,0.009592816216856714,0.03615642618197272
10561583,0.0021419567423216594,0.0027938874765819017,0.007814777191049307,0.00134774384742463,0.0020537863375542087,0.8577548440322458,0.03070823272981371,0.021577205737300927,0.07380756590570793
10561870,0.0003945280833494423,0.0024014515231912774,0.0011038998545921884,0.00046478964407244144,0.0012694930041646994,0.7651466846672532,0.21450316866240868,0.002317227872461981,0.012398756688506
10562711,0.0011443168951686825,0.04559281039725287,0.015245340114869709,0.014755382388712957,0.05136075986498018,0.6202033121875496,0.003236808742542306,0.014014478547281066,0.2344467908616425
10566953,0.0002414746907436012,0.010547996469089578,0.0008841821597483402,0.0006644749718418859,0.0007317297205684791,0.8840833088800042,0.07983307212219273,0.010570091669928727,0.012443669315882514
10567563,0.0022175312376078726,0.011922962205044718,0.0017763774298266847,0.001106868636025541,0.006672755270742988,0.8343046377920534,0.01585083797362529,0.0064545961341584595,0.11969343332091506
10568512,0.001314812515522874,0.0020158902165146,0.0015918574599741134,0.0007994291293725388,0.0006202627689825008,0.5830907227108779,0.36603868076550244,0.006384091272236347,0.038144253161016585
10569249,0.0005243433140957415,0.002288569896987466,0.0014527946528905765,0.0006194938383317268,0.0013563253779462336,0.8051892592306052,0.1090113401679479,0.004723579781055773,0.07483429374013932
10569900,0.0006098759107105803,0.07023437245138003,0.010112851718774444,0.020017265876261466,0.7522804307180442,0.048664182043749525,0.009534187312683783,0.022147186699534985,0.06639964726886097
10569996,0.0011488228361178736,0.0028603929301396487,0.0015731161462977762,0.0011089542295254842,0.000844459915475445,0.8457451252165515,0.10615104114248206,0.009622911648783842,0.030945175934626385
10570047,0.0003427255626480181,0.006693263566992653,0.0022942466506870175,0.0007147124532936528,0.00196759114468785,0.9467019920708296,0.016635307397114395,0.004777428079075052,0.01987273307467185
10570186,0.0017999887416473713,0.003851844924359453,0.0020472135458430305,0.0018534813887317709,0.0028727340665142837,0.8408542495544243,0.07505210232206903,0.012510000660165894,0.05915838479624477
10570190,0.0005231345138700047,0.005357260052693888,0.0013045850192741917,0.0015442267008305248,0.0023391946579208295,0.8761220769106401,0.08257976879515008,0.008993762179545806,0.02123599117007455
10570281,0.0005429191598156161,0.0038557101778366066,0.001542011153480761,0.0009626951900845067,0.0011440184841397653,0.8979839358846615,0.057782358898923976,0.006674756983332073,0.02951159406772522
10570444,0.08692107282282191,0.003087443668459898,0.00431008639335727,0.005131590556267483,0.005221173053295014,0.7799011909032542,0.016970378640493004,0.03333258508342672,0.06512447887862462
10570516,0.0014678891182030283,0.0035037044883426223,0.0017323561755118052,0.0011158486661739667,0.0017457975040416293,0.9054660826015355,0.03399174396333047,0.009372475364970897,0.04160410211789009
10570563,0.0016017074404331793,0.0015106214028529758,0.0015711295356437105,0.0007748827702377162,0.0007613681826101562,0.7119715587797368,0.20354639000363522,0.012208826316019489,0.06605351556883066
10570908,0.0020029151983602875,0.0025948649926113075,0.0021547218541075525,0.002347398487676263,0.0027353579531166055,0.7458226806035879,0.12553348054750355,0.015071975677202098,0.10173660468583445
10570962,0.0005559472080740535,0.028625565015700356,0.00800766354452982,0.0016891956462298102,0.001284660197815347,0.31566822057394517,0.005358540968521682,0.4016249292767831,0.23718527756840063
10571126,0.003143077688007066,0.001704486785100878,0.0029758096086530115,0.0007494351333041079,0.0009903867601779891,0.7339850134689093,0.0430662704095141,0.013659571878634124,0.1997259482676993
10571129,0.007619955354594196,0.0017512822829208947,0.0037313104632789628,0.002247125563349801,0.0031873291838724876,0.8677697777832364,0.0029421268343734564,0.03438723991179293,0.07636385262258075
10571130,0.001869355380638902,0.003646519138946643,0.006713466932909368,0.004068825378019145,0.0027893959640697273,0.38676595614075415,0.0012286487094817927,0.015827693899775796,0.5770901384554044
10571150,0.0015799216870288422,0.002630199109158025,0.0016496791399412765,0.0009386622226582388,0.0013384526014656878,0.89870960001933,0.013701720827315087,0.01727052723781259,0.062181237155290225
10571157,0.0049010658179962936,0.0020664295521060213,0.00553484134827321,0.000867533179076824,0.0007935116929176853,0.5650947153247743,0.31972665468775285,0.013048234603007278,0.08796701379409565
10571249,0.001416771399759681,0.0017987578399050437,0.0012404090132282122,0.0005893713136964595,0.0010248173275973686,0.8778644712079832,0.032481561319453345,0.004657424130381354,0.0789264164479954
10571563,0.00042501608219834547,0.10086421816908826,0.004572170644392852,0.0029302139829534583,0.028455430930849138,0.7280495563516208,0.011075025368055593,0.011171611939350939,0.11245675653149072
10571600,0.0013630104722885106,0.0019800528435192162,0.0014334169643939485,0.0008877090299365783,0.0019545666039601345,0.9008797205474687,0.021867027771504524,0.006294595347568707,0.06333990041935973
10573894,0.0011724493377889623,0.0037628624931690764,0.0036647059064125733,0.0036277317073925524,0.005394530393759766,0.8131420153780207,0.007990767357504477,0.08636142979856462,0.07488350762738732
10574347,0.0020370170659283855,0.001799275643511186,0.001435294359916124,0.0013832200417403656,0.0013501399494418008,0.907518272517567,0.021599994735648165,0.015548972054256448,0.04732781363199054
10574370,0.0032619167427325106,0.0014820609335300511,0.001452857550176089,0.0015757880763235725,0.0015170540655806111,0.8857815321490822,0.01769806080052919,0.016135710906122022,0.0710950187759239
10574372,0.001467409910651598,0.002469672862907097,0.002907595554199414,0.0007735077706925044,0.0007530588610154587,0.7548082515963673,0.16602492080369327,0.005117431721460339,0.06567815091901305
10574408,0.001980975597497814,0.007945176230728166,0.005232816648117884,0.005602908580534541,0.008120993789557274,0.8677468311825629,0.0016909723669814116,0.01883301842067992,0.08284630718334011
10574430,0.000874743754703026,0.0026035228747537252,0.0014231428949141724,0.0007940081642333327,0.001341261337619133,0.9121886201526865,0.019422988833580592,0.0073784416303299075,0.05397327035717961
10574439,0.0024975876558649356,0.00179856841883404,0.0023868199308739323,0.0014435703793727074,0.0017738110342228356,0.8673216418985289,0.008824767941261386,0.021202874627278084,0.09275035811376328
10574456,0.001458020161408195,0.00206953935920606,0.001120463246111065,0.0008897696580576333,0.001681697314696807,0.5888456764937398,0.00614473657321358,0.00429740934627493,0.39349268784729197
10576038,0.014790633707908995,0.0032198456449012386,0.0034882385902604784,0.0020390779827836624,0.014666566816253591,0.8647557715386338,0.007854110306793418,0.01073502616922037,0.07845072924324455
10576770,0.0016772885376571008,0.00501457123214394,0.002641036887427593,0.003483270276549202,0.0016728796981939523,0.9005315278719693,0.004324260860290786,0.013004101759129494,0.06765106287663865
10577118,0.0002934405470128426,0.010987410784899653,0.0017251941380444218,0.0010201802468290954,0.001317051211377525,0.8928695436248537,0.018084504108563076,0.013754989134799103,0.059947686203620655
10577354,0.0024190471000200384,0.002948487613662997,0.004187423201117228,0.0007519442044943061,0.0008208838703631586,0.7363200536489226,0.2135892568853194,0.0061904669391376855,0.032772436536962546
10577622,0.0003484902038366576,0.010478998507906524,0.002275271348572454,0.0013167261331139192,0.0011580586263533286,0.8978804041898703,0.02725830145397668,0.010407230802467866,0.04887651873390243
10577723,0.0006017042515397906,0.0019292974472360832,0.0010276760643112763,0.0005766092074607552,0.0008324182629093962,0.9274273502670533,0.03711397008794627,0.00429511901010315,0.026195855401439972
10578130,0.03655590952643098,0.0060191447711520326,0.0040772785773941,0.004083276319541644,0.006669984784542945,0.768842117458609,0.043085926189045894,0.020107402475048598,0.11055895989823483
10578295,0.0015585710498510683,0.004856414285044857,0.002312762535736899,0.0015508679141712216,0.0012608572240567506,0.5599529287804498,0.3542885745951603,0.012816083423931215,0.061402940191597824
10579132,0.000362113170409497,0.0017203557364334659,0.000785243367168398,0.0005309043153884481,0.0003762191187811584,0.6473798057597764,0.32354222399087723,0.0032840228383890636,0.022019111702776446
10579372,0.0003795737526647801,0.006177229887729997,0.0024242176923004047,0.0012030134786066911,0.0009715300282565722,0.8099726654003514,0.12843029622612856,0.004292444528103024,0.04614902900585863
10579452,0.00041977630822749687,0.02365355275774937,0.008065805808283494,0.007804647740805467,0.028477804495415794,0.8714881436553422,0.010925738127574709,0.010937063962702071,0.03822746714389928
10579754,0.0003511721824101884,0.004265894436848989,0.017666463540468417,0.003133696419236911,0.01255869486051925,0.9172051161256469,0.006515107932065362,0.014327292646925064,0.02397656185587908
10580098,0.0003776212032191798,0.00964375251595487,0.0026109279310555554,0.0013228187689621825,0.0018565439978346786,0.8943106820335628,0.034098811375308985,0.021690395867204976,0.034088446306896794
10580150,0.0008047821942154096,0.00547220664826305,0.00408437495374153,0.0017601035440851227,0.004395982039370269,0.9368769470534923,0.02189726567982437,0.00496613716390042,0.019742200723107353
10580642,0.0016777530134727855,0.002065676867818986,0.0011443854134979695,0.0009866703407447738,0.0021749074279339927,0.862955772378047,0.009650233325763972,0.005091471302170853,0.11425312993054963
10580740,0.002164654894634785,0.0020168391695342563,0.0019787910515496917,0.0008935947529295428,0.0011545761586083101,0.7958050769459594,0.1324115073300947,0.009314346615602079,0.05426061308108743
10580745,0.0009786446520198891,0.001851859797544539,0.001235310660154611,0.0005561221271342164,0.0005772689552165365,0.7897174700776646,0.1616829340335463,0.00929093280134985,0.03410945689536926
10580771,0.0017130984451827185,0.0018926415959529558,0.0016909809897513316,0.0015634842918894078,0.0016421060385961661,0.8445687363885158,0.007140639258329067,0.031912231749736494,0.10787608124204609
10580995,0.0009023990063260658,0.018294053119973216,0.0028189939432757627,0.0016175049280530989,0.0011570131639736048,0.4472417483152219,0.03956242088166782,0.020515318361890845,0.4678905482796175
10581310,0.0006569860239969905,0.013699608274073741,0.0014170348302355782,0.001502921982540723,0.0017885507708014364,0.6261880137453341,0.1201504198915645,0.004424360906310332,0.23017210357514262
10581368,0.0034860941698164646,0.006724058640874633,0.006792382479329416,0.017223225674125833,0.011500570998041628,0.7755418957044421,0.002085167054302987,0.062295987804288654,0.1143506174747783
10582173,0.006179717740245947,0.002394188463339246,0.002902509397396878,0.0018376002493696796,0.00489391421738057,0.8973448072934548,0.024454524883700483,0.015914570363562454,0.04407816739155005
10582418,0.050036865194287995,0.003449690863784824,0.005522543921303328,0.002552851255675014,0.01207420186397592,0.8448542604653906,0.01590374067806839,0.00977025123642641,0.055835594521087634
10583009,0.0005971170971234058,0.0026761782502596142,0.002120313962643836,0.0007849573426458633,0.0014134240283415762,0.8093229884333962,0.1596385240911524,0.0047733956046345765,0.01867310118980267
10583434,0.00035838082925656933,0.030082713735875743,0.0025811706511680173,0.007023817068776741,0.0030267088832694354,0.8911135381226073,0.008412334619381168,0.014675169007261719,0.04272616708240327
10583521,0.00046014753021797846,0.0019499494033663749,0.0011946149905528302,0.000572703558009788,0.0007850507539104397,0.6081014305213964,0.3532725141683849,0.0038109545912395014,0.02985263448292182
10584210,0.00030527365751711877,0.00409177425140227,0.0012449796567029698,0.0004776435402985658,0.00041975052069865513,0.7143575577452733,0.1998542171421809,0.003204575709385654,0.0760442277765405
10584222,0.0015273953255406866,0.00301021713119916,0.0018812047954797617,0.0007821048327266241,0.0008951669696961334,0.8716306174602264,0.08011877689450642,0.009095770618269355,0.0310587459723554
10584314,0.0017696782981073153,0.0025351477997930926,0.0032290197366574265,0.0006626388651333874,0.000537605837628239,0.04165091552374744,0.06688327454420967,0.025838193073598484,0.856893526321125
10584430,0.0018606004629849087,0.002140342852130672,0.0009672112852427781,0.000583566042060924,0.000635395003927772,0.6309835693159902,0.31433617547797194,0.00866211683129134,0.03983102272839945
10584519,0.000481725563485462,0.014879773659100955,0.0027098930591106093,0.0014800440010264313,0.0030833500347251983,0.895189630894832,0.03649584152257518,0.01979189933455116,0.02588784193059321
10584820,0.0006761769990459945,0.047695507283659073,0.002989577540196707,0.002067738378553343,0.042405935257344596,0.804669925033229,0.016416685630691603,0.010317056947075283,0.07276139693020449
10585136,0.0003126890458618325,0.039878244095819866,0.0014582102688463444,0.009689217305614724,0.003554847736963056,0.9091437784705089,0.00689342558848179,0.013844696672255352,0.015224890815648285
10586849,0.0014243124563086235,0.005763766062470943,0.0052509128141909125,0.003747559041388953,0.0038426572337370503,0.9177515970388312,0.029569890682672885,0.01163991503470648,0.021009389635692915
10587734,0.005512609843006818,0.007245697762636052,0.005682297701237615,0.0019223063643697758,0.004172512667044658,0.7902940442708271,0.09829311905359435,0.007997896208867521,0.07887951612841612
10587840,0.002141369581141394,0.005565673031789004,0.006501058980286591,0.0027362335681263734,0.0019845763508720697,0.9229056559391952,0.030270814718093064,0.009912215731113122,0.017982402099383166
10588529,0.0029866364932757882,0.00040391388718180886,0.0007690054759694016,0.0002520531973876901,0.00023755295256309148,0.00842059432823075,0.9189607648013858,0.0024762625095810682,0.06549321635442472
10588664,0.0018646823341732263,0.0004996864635162014,0.0015613132299649073,0.00027173188857274733,0.00040466751054918,0.05741733377149998,0.743823329883614,0.002627003661768844,0.1915302512563409
10588792,0.002377585219115344,0.0004071546420029953,0.0007724025929389151,0.0003049756714745331,0.0002933328776965521,0.007254751934025109,0.10139690376363049,0.0015335395915008615,0.8856593537076154
10589349,0.0006381569166481199,0.000592178517880125,0.0013378644848322202,0.0003642029627887589,0.00020919489818556366,0.04087375583235303,0.06435009753835787,0.002574464891156251,0.8890600839577981
10589410,0.025619045630997258,0.0016162408853351812,0.010744144333612548,0.0027305338123814423,0.0025023844622426177,0.36916102626950126,0.020950699763810705,0.038530153135838914,0.5281457717062802
10589411,0.0016207715281945014,0.0005124000860987065,0.0013797902541964465,0.00046378321580371106,0.0009797626661492752,0.05465692975064215,0.024280936974647983,0.0016350012437173994,0.9144706242805499
10589472,0.0025368090055834435,0.0008079686291124846,0.0020913827147015043,0.0006598912099745151,0.0011707527183817288,0.027971043375412282,0.07812913919596526,0.002444781614548607,0.8841882315363202
10589485,0.0014974307901085135,0.0005129178276718672,0.0018589742003835622,0.0004837124637128524,0.0006882248460385149,0.022234008849557275,0.002507084450950736,0.002899623122250797,0.9673180234493258
10589763,0.0002428611031566142,0.03918223912647662,0.0015549041389244962,0.013515387099529609,0.0015036439670273413,0.921577922274905,0.007398207505896725,0.005619436994660289,0.009405397789423326
10590733,0.001394500394134191,0.005973068097116259,0.013296265120695995,0.01500350799357268,0.008153758341820687,0.9016851878266039,0.0037714192354844026,0.028006920792162267,0.022715372198409602
10592587,0.030139302216143946,0.003833564906304192,0.0034614962644428362,0.002668453005717738,0.010250341722858203,0.8555157775194953,0.006345778200200015,0.01522203945936095,0.07256324670547686
10592944,0.0006394031185881979,0.017951204222864517,0.025460188686904604,0.011245375588925743,0.036569977305186505,0.8580087022807461,0.009584413559354453,0.010134037488076121,0.030406697749353676
10595034,0.0015680466210994972,0.00611550150968328,0.0016711177190871659,0.0015678200709374082,0.003076210952446636,0.9161201572482935,0.016777866313687547,0.011004724407626067,0.042098555157138874
10596119,0.0005123271914016945,0.010773256444190043,0.0014786729971945091,0.0005896058791570046,0.002816810351854472,0.9216762417397943,0.0293276721448078,0.00175255102399457,0.031072862227605667
10599481,0.00043385805722842764,0.0030416169880591827,0.0007609384117013907,0.0007526992900511473,0.0014914082639186901,0.6378811585566094,0.31887558835553964,0.006828564908697724,0.029934167168194473
10599552,0.04411130601516051,0.0025900570502637725,0.016067041822782267,0.002733440016946395,0.0013367211238802486,0.7352368457228455,0.05674801667791036,0.022561735892932165,0.11861483567727868
10599609,0.02238352292624451,0.0012012170410738618,0.01317031229393305,0.0012707585109464727,0.0005964849403328859,0.10395266274361022,0.20474640288127552,0.018922771690366623,0.6337558669722169
10599643,0.0006099403085855996,0.0022713374901301834,0.0029812226059113722,0.0012072836333135517,0.0009142980254146466,0.7051841674885957,0.17414991950781913,0.004058512170574142,0.1086233187696557
10599718,0.01487611335316561,0.0043567362623115865,0.009907934235664216,0.00538374109541179,0.002323181487236858,0.7438480321064148,0.02092104367766077,0.036726120790644606,0.1616570969914898
10599755,0.002669987499775304,0.0014722648894069338,0.002949900143174533,0.003752272195420654,0.0009158771457530522,0.5810801274716472,0.027352305697571223,0.056084585125410265,0.3237226798318409
10599776,0.007673865314191792,0.003417923180131529,0.006765199407824423,0.008035683746636841,0.0016391660346904203,0.7515190364320586,0.023998955515819233,0.03689923085861573,0.1600509395100314
10599823,0.004470839017064947,0.003674137638814534,0.0018712834083765505,0.003744709923186542,0.004274198756029801,0.8280332655270163,0.03280747662249015,0.027620456741458955,0.09350363236556218
10599926,0.010156851389698391,0.0038596609107441845,0.0025524688703227674,0.00268823701179614,0.0012391023420145547,0.8019412881445487,0.028826814494522714,0.033444255681338825,0.11529132115501357
10600363,0.0008276585938396085,0.011808840357808364,0.004056217118771454,0.0048341037121521985,0.00364101837098485,0.8661831467437078,0.02901400514953144,0.029505323868062917,0.05012968608514139
10600655,0.1436193743687596,0.030920071894547766,0.005147172503091998,0.005072707956098539,0.0027553759167751675,0.2829633091994289,0.0168176955199218,0.09536569650930532,0.417338596132071
10600700,0.025564087206838282,0.0037372346927394295,0.009111058874990542,0.0039162532441374505,0.0014444022888894204,0.19616027507644057,0.1479456594210538,0.04320338633315601,0.5689176428617546
10600716,0.00963973209268927,0.004116448680735494,0.021644724430468942,0.003239611318374854,0.0010552301579300127,0.722448208276542,0.047815725991512195,0.03410817680478413,0.1559321422469632
10600717,0.004689843081955897,0.002012844179389248,0.010895280920991754,0.0018307207392949942,0.0006649514416851404,0.36311158477389816,0.018944114112383535,0.02614008828218235,0.571710572468219
10600746,0.008937942195196776,0.0021731484719747854,0.008974947441687102,0.0014678217211843004,0.0007863268808425656,0.30145760053633336,0.11766644970837167,0.0539128511994696,0.5046229118449398
10602334,0.001130563147771054,0.0010048377358029684,0.0012854598135030205,0.00043287106617405195,0.0003917657415599791,0.38952760900771094,0.5746290890659892,0.009722052571171258,0.021875751850317635
10602555,0.0019962193227258873,0.00154614602295035,0.0025210798325866184,0.0012652906720206003,0.0008437351466103848,0.8072782376053734,0.09344881118019041,0.03606044195044173,0.055040038267100584
10602707,0.0012845363668652797,0.0008481547733742285,0.0023630871847264484,0.000721681089319554,0.0003187968742696047,0.7935752037922669,0.12369853911731554,0.01194299254694395,0.06524700825491846
10602774,0.0029434258822915766,0.006599722021045482,0.0034760500726991,0.00276244191937781,0.003233831879604946,0.7311560682142899,0.11946452248147806,0.034701315774449897,0.09566262175476327
10602968,0.0003977145902804895,0.0019350291393084892,0.0009420697288569939,0.0005878789856088379,0.0009464531817073093,0.7803111379422705,0.14523311076853507,0.005403604861508035,0.06424300080192434
10603667,0.0038938444122025317,0.006203466692162588,0.0023180854176029883,0.002688324229583536,0.005260303045743584,0.8734076099648681,0.04241726821995779,0.015268984887662922,0.048542113130216044
10603790,0.02310676281804456,0.006286583647546485,0.01866094692283519,0.014396721741315635,0.004432606687121706,0.6473158341953617,0.0032965239239600105,0.11937961693119917,0.16312440313261548
10603793,0.043294839560258945,0.008936599306778417,0.03347257726344311,0.004430391181367871,0.002718115484458079,0.5559832772468106,0.009871504749844759,0.04739665388204792,0.29389604132499025
10603811,0.02889618469300549,0.004127400349385617,0.012889358516079329,0.004010153895686029,0.0013728330401595532,0.6218352898633026,0.004293933850416083,0.04343326964817431,0.27914157614379104
10603826,0.20489903993296787,0.016813691887774408,0.045023423063065046,0.004106193733330203,0.0043687718689453476,0.3779081619708716,0.027113519728849022,0.036380611530346246,0.28338658628385033
10603843,0.04222792409129505,0.006586829416026654,0.0274634003390459,0.003373070814721673,0.0016176779073138144,0.6168121048388099,0.007004070386986395,0.041380977731357134,0.25353394447444355
10603847,0.004751505996655778,0.004073179851856553,0.01010597542667952,0.0018971164484521894,0.0009666223340767507,0.8139968209741616,0.05312635755222516,0.026743864594879836,0.08433855682101268
10603856,0.05306133583571888,0.008855931978078886,0.1255633793563124,0.031439552100511685,0.004311235540705304,0.15128758535836143,0.002258214606255574,0.05355295893096709,0.5696698062930888
10603858,0.031158289027296466,0.009042785740002196,0.029167757491020872,0.002660132973312579,0.002096585400288517,0.6428931882156913,0.029109071817958097,0.02838600333030266,0.22548618600412745
10604136,0.0014626549037024044,0.003232550855541018,0.0014636942873290963,0.0026560227734549013,0.006469322066500354,0.8908636346424046,0.028583271470255564,0.01603990184065752,0.04922894716015469
10604299,0.000954183047762832,0.0011914860290568115,0.001523372635275997,0.001537390527377952,0.0007924131692733327,0.8793170896386563,0.06132923298276089,0.009734407624591821,0.043620424345244074
10604888,0.0019775886234211547,0.026181467839765715,0.004952871919350457,0.006186364964481186,0.3549675479465719,0.394821768094509,0.030320781147526035,0.011023777426423239,0.1695678320379514
10605284,0.0006022806374930683,0.0003666035107222363,0.0006715497798644408,0.00023474900714578315,0.0002102232874260585,0.3621664332552675,0.6140250586257834,0.004190401886321302,0.017532700009976435
10607892,0.0007265449180251991,0.002797714766809165,0.0057584967708683345,0.0026889430055819716,0.0006141384561934268,0.09759018090932678,0.2001929371572354,0.009342549217110379,0.6802884947988493
10608352,0.005267051795407766,0.00547620307505691,0.0050039382773558105,0.002400850696889604,0.0024833454990316676,0.24835544488394773,0.6160038971306881,0.038422312355617154,0.07658695628600529
10610526,0.06755017720066298,0.014473786436621389,0.005243882080777727,0.012778383790620984,0.0024170747100440834,0.7252865038144278,0.0057464502376059,0.06557415202323975,0.1009295897059993
10610534,0.9256428643359652,0.0036085188258345923,0.0036624630538556525,0.003381532111191292,0.0023025078775015108,0.017166593761034302,0.0036642490372331355,0.008987273390841282,0.031583997606543034
10610659,0.018657171239284617,0.004004636328267629,0.0032867560818867557,0.007079828333779489,0.0061083316490176814,0.8621198966819734,0.012065336751149323,0.034159831059978586,0.052518211874662525
10611077,0.0008208168313026122,0.012136627644272712,0.0015378252162279369,0.002531268199631244,0.012470575657808004,0.8819101605537375,0.031278649711091316,0.009606510541648298,0.04770756564428042
10611150,0.000887738901830572,0.004657135163336684,0.005193584840840746,0.002372801051972473,0.00133719645143283,0.3133059638897466,0.45351347254957297,0.00815373249564462,0.21057837465562243
10612960,0.0015216269193014868,0.009635568347291021,0.08647623912048598,0.7828472872431176,0.048309426458439,0.03372359724645741,0.005459742824280463,0.01683733902375713,0.015189172816869755
10613432,0.00083537365926976,0.01696119819521764,0.0067913491246453395,0.29754800487416083,0.6324547079625812,0.014725216191206932,0.0016327562569898753,0.019716203264433792,0.009335190471494621
10615359,0.004387103209143842,0.001931989216612723,0.002474689370539973,0.003046049411684409,0.0007500989256545819,0.6358964386250209,0.018081714949550045,0.023245230951692026,0.3101866853401015
10616063,0.005355766100609179,0.011516574809712946,0.00194104639248945,0.0035224312172488954,0.00789952434787747,0.880407182018787,0.018644961603879427,0.022202321363446787,0.048510192145948886
10616067,0.0027370389413140183,0.0105914044195411,0.0018900225850317486,0.0017804133761074449,0.002105806705316677,0.8870834838415643,0.036828858158267856,0.011423344543861631,0.04555962742899531
10616344,0.0008533173456042544,0.0030626609379501603,0.08055737693152853,0.09299976389638005,0.008400714917758552,0.66952089673183,0.010298116811641618,0.016446772506889182,0.11786037992041773
10616646,0.0009073461642484023,0.011577502127653957,0.010055211413133315,0.47886890704866736,0.008368815527179111,0.13452026301372846,0.009113870641935954,0.029341862913485058,0.3172462211499684
10617233,0.001028446762340671,0.0007922296221270471,0.00420242416472858,0.0005306885802898857,0.0002483192853271433,0.24174746594199914,0.7178819542271575,0.002481625968540957,0.03108684544748902
10625331,0.005561074177097242,0.010379315388558042,0.0049721819277300325,0.016434689454884625,0.004060377134202468,0.7681242651526303,0.021561757899194962,0.023378158206061875,0.14552818065964054
10625616,0.008580030452620364,0.0034703337445257713,0.022144844171759152,0.003242753007802026,0.0010809817781024542,0.09430424304937161,0.4462514070099359,0.02446277922461694,0.39646262756126593
10625848,0.000983952793480773,0.020931926640395015,0.017524577801989696,0.09993193780862518,0.002364427827880865,0.043684824997156375,0.015912043021722153,0.025282722199582594,0.7733835869091673
10629182,0.0025350621079825667,0.0027303758680211963,0.02881097991092055,0.07405795192290592,0.0015209176163480966,0.016223631749142705,0.004182396943481563,0.019284129182543422,0.850654554698654
10629593,0.003099165718736117,0.0021552380866570542,0.004116687195301927,0.002455311149475747,0.0007738710218213751,0.5482865177400502,0.08485006156052408,0.024306151484972855,0.3299569960424607
10631640,0.003644872506653033,0.0011067609513085617,0.007490184082129228,0.0028687283439076837,0.0005686893004748244,0.04602568755212849,0.7395480312375209,0.012200355818120368,0.18654669020775688
10631716,0.0025552248770151316,0.002155962333599894,0.011533565624412248,0.0017432626717099656,0.0028126832253489082,0.41893631081309557,0.5049251244079863,0.011258325278832994,0.04407954076799917
10631762,0.0011985542857229335,0.006970246497750464,0.01922960689159484,0.006516278398687059,0.031731994738459175,0.7505123212808271,0.07455155224483616,0.01507641639508532,0.09421302926703672
10631811,0.008143691868547607,0.0019355528534213773,0.016233642710866643,0.0022429956957668736,0.0009558740741803548,0.4956961412151303,0.35016978352673755,0.01715911053368984,0.10746320752165954
10631837,0.0008970303987831546,0.007754751846458151,0.005505933333362184,0.004682442333986813,0.005697170746598544,0.8180362646714182,0.07741894226293046,0.007195195893988272,0.07281226851247419
10631847,0.007435692898636055,0.0034327390302892257,0.020442956668803313,0.004541190273691062,0.0014726991116635292,0.11959229068314232,0.5157497023061146,0.03004742917808404,0.2972852998495757
10631868,0.007373868475250253,0.002425509561303275,0.05788732107352294,0.0070996468925469845,0.0032644774048721363,0.7380466128839516,0.05838342623886954,0.039101383747100836,0.0864177537225824
10633681,0.0024404860565752076,0.18492021994606622,0.012657956457707741,0.020548242770650985,0.0035949122573194913,0.04610308933509743,0.004204689706179827,0.010589809687507204,0.714940593782896
10634284,0.000574761632677505,0.005084139609798146,0.0036135633637561218,0.0046991750450766714,0.0016462097937574298,0.7989244462298386,0.04039671715675157,0.03202637554245836,0.11303461162588564
10634751,0.0008401358780026573,0.0029861149255765943,0.05564399327379344,0.08861606899056401,0.0025602908539660296,0.06311193921000645,0.011342993681356304,0.013073666593185847,0.7618247965935486
10634784,0.0012912624032531226,0.0030184565008089122,0.03696759711978479,0.07461326251346206,0.0023732156975905007,0.6169689475656477,0.018282399352141227,0.051106384523776825,0.19537847432353486
14964636,0.000841444516869835,0.001451947715388184,0.017000875858941455,0.0009131369468397042,0.00038128480183578827,0.08011004615302043,0.4843355518057252,0.0020989196220935185,0.4128667925792859
14965242,0.00032239545490051505,0.18618406417113978,0.0022291427994299865,0.012682716495045558,0.7168439040183114,0.057556114860893154,0.0031151991889506324,0.014237593047169,0.006828869964159918
14965666,0.0006793279739556784,0.015576623015685527,0.0037442594373674324,0.002885642430396832,0.0014695676337735033,0.10346832856924423,0.0217728977602214,0.006055059500073222,0.8443482936792821
14972026,0.013752389440606127,0.0011020892751139133,0.02194404872624778,0.001601369888135298,0.0006675858860005904,0.1049450573432467,0.0241654764965745,0.007602043428931321,0.8242199395151438
14972090,0.006932943584940136,0.0010760901069294285,0.029411279960283036,0.0014953032595215394,0.0007510393474664004,0.030546427737933136,0.006430897022849405,0.008002356881801,0.9153536620982761
14974044,0.0005912956223349882,0.04365246096312724,0.07563504937422214,0.016519468653758494,0.0028540189942517736,0.05195496387947414,0.016710480493507634,0.009126641550298152,0.7829556204690254
14974586,0.000786675388632678,0.0037705220356309918,0.009781019845940384,0.005936901573621775,0.0016380335036976642,0.13593442204072873,0.013304168191268412,0.005444435908154821,0.8234038215123246
14975479,0.0002724483832561318,0.0011793803407076778,0.0013849830525380497,0.0004094947707613114,0.0002943643708823844,0.2018579525099256,0.15122526853909404,0.0025896305470870648,0.6407864774857476
14976063,0.0010018269241616196,0.0007860665136154102,0.06184893418069722,0.0014418247155009853,0.00022412791960447755,0.00523303415394181,0.005374763257936609,0.0034678062414427945,0.920621616093099
14976076,0.0005720897483378856,0.000621545985334088,0.009946855562403814,0.0007929409701058529,0.00018444865913488134,0.004304204085997199,0.002549635971975585,0.0022483515613758312,0.9787799274553348
14976116,0.0029047246879358446,0.0018953197469372992,0.041389310602943326,0.02658289728944332,0.0009578838435271614,0.007781969193317609,0.0023151915851764176,0.014610446096260474,0.9015622569544586
14976137,0.00026281796627390663,0.00013657490666197687,0.0007913018810879771,0.00023072190630000887,6.594585169535116e-05,0.002227493909863045,0.001213378206419945,0.0004613092861674863,0.9946104560855302
14976834,0.0012551599442820682,0.0875901103337995,0.12650161017174616,0.48812855486604523,0.25108744102490016,0.010099254597260262,0.0014190578496450132,0.009225119697441072,0.02469369151488059
14978764,0.0002572508672346031,0.0063417265774070065,0.007663427345528595,0.002103126380331248,0.0009631215558623826,0.08638137247889584,0.020410901314758468,0.015914178551731713,0.8599648949282501
14981625,0.0003277808630814954,0.0029624934477853197,0.002086907113901471,0.0014271917238744053,0.0015357560859879597,0.9306599490241336,0.031739868601007186,0.00407467534419437,0.02518537779603416
14981687,8.769717419763965e-05,0.0009346386758378154,0.0003419946882246614,0.0001759575347864398,0.0005904304264498385,0.9798786855014938,0.01208916660154318,0.0015901018973460432,0.004311327500120609
14981722,0.0006029475862394564,0.0029898633186595347,0.012127301923752082,0.005712505497686229,0.002752274032250988,0.05454434459158996,0.007928439228279906,0.004815906584463645,0.9085264172370782
14984061,0.03466033023360251,0.0021647789256818237,0.010221861060713532,0.03568813389460787,0.0016076995018731413,0.022668131013801062,0.004227483971173175,0.020595189469026377,0.8681663919295205
14984105,0.00028512820550735674,0.016578742575991404,0.0016822794589467468,0.0014849671986103127,0.0014495089567625986,0.8893845795703673,0.06223253119549512,0.009034978353999608,0.01786728448431964
14985917,0.0013310905197202844,0.004413126448328503,0.018538538048963615,0.018184370312769555,0.0034511707657164034,0.03376301882211992,0.010994992920988754,0.014981161950452841,0.8943425302109401
14985959,0.0002672837674412094,0.0018524092852459952,0.0077382146228455306,0.0013003670241116493,0.0007208014872319442,0.009189688755135664,0.007245395253213644,0.004169277821836837,0.9675165619829376
14986272,0.005656846932314908,0.00830911108819917,0.019887601411740844,0.01904355633837973,0.001570249098893601,0.04303158009497315,0.10437561051529393,0.016446992167312036,0.7816784523528927
14986784,0.0019428927143715134,0.0025417096289219107,0.03462839762719997,0.015134201394398606,0.0005948681659000537,0.020616205136605722,0.006289669561946539,0.014391093423230599,0.9038609623474251
14988721,0.7803982719913694,0.003995549433991639,0.007657249050072906,0.0031401459202310684,0.005731383397300134,0.013129382199683157,0.007519741120799808,0.005988004600084811,0.17244027228646697
14988743,0.7573466658411943,0.004057086922500753,0.0020357836462965213,0.0004513099007052323,0.0015442417226488433,0.07743285913393246,0.14547924019708425,0.0011433414668562314,0.010509471168781363
14988773,0.9721624858454925,0.001246478413062538,0.0009398619558152035,0.00019695517014821064,0.00099083653522043,0.009469394220729692,0.011186780600160026,0.0006077889884595766,0.0031994182709119304
14991846,0.0010051932904912631,0.0527727710110323,0.02738841151675001,0.013662251220456806,0.14824025182023873,0.7159142190916222,0.0033275464643437148,0.011240496649095388,0.026448858935969672
14993381,0.0006654730262354552,0.0034866497579991614,0.0320427950343534,0.00264390237347352,0.007543539770495487,0.8893341295764756,0.015211848377769692,0.010451581010477723,0.03862008107271987
14993467,0.0015555315861275005,0.0018474615674923642,0.07360712579017704,0.00274993798833271,0.00681209321239323,0.5266419003553501,0.00877136842712271,0.01800721232933046,0.360007368743674
14993499,0.0016203689646254976,0.002484442648845454,0.11605186181304512,0.0031250976676594727,0.008274396392726669,0.7338081686399048,0.006804920517646139,0.01904207491290764,0.10878866844263914
14993756,0.000591030031019708,0.0027331554871767062,0.005997904197028347,0.0010087877478383086,0.003700022184602294,0.8924121992403067,0.02169573453636247,0.025664444622865046,0.046196721952800536
14993805,0.6073121599039136,0.00918729494291896,0.06888028866687342,0.003186787814725491,0.20519742918519518,0.0652933894702956,0.00444018360822772,0.01705006200995592,0.019452404397894047
14993862,0.0006441960785470522,0.0016277206546876158,0.0013140180687626108,0.0005020345751827133,0.0009958147042850893,0.7691850056951399,0.10470783920115212,0.01845379420805552,0.10256957681418734
14993915,0.0011489383170442057,0.004710860592083942,0.733956217199601,0.0017338006266583922,0.001705879462830953,0.23801823349604886,0.001972360256642014,0.0016101892935472335,0.015143520755543444
14994055,0.0011601203097917068,0.0019354644017818784,0.05881440444817598,0.0019449264842171146,0.0016882230652848723,0.9004162056645131,0.0075892107909774145,0.006623195611514966,0.019828249223743
14994074,0.002125723033436294,0.010855526039441387,0.32248598740600476,0.003066496760935279,0.00454883204091335,0.6121412009302175,0.01112573184700374,0.006502171964419874,0.027148329977627818
14994471,0.003846212976425704,0.033885307745012104,0.012687129398869974,0.006806092478668428,0.058429265298555036,0.637024034128657,0.009445619721171231,0.05343126295923348,0.18444507529340692
14994472,0.0006130296291051034,0.0057067661999013995,0.004924854725308886,0.004790373931050997,0.0027128768645512044,0.8817331083690452,0.03800850142415003,0.026546352097215408,0.03496413675967173
14997775,0.004622095920755895,0.0012033514520519866,0.0017314225237330238,0.0003763530303790229,0.0002036563374233226,0.003238663546859183,0.9037828541981168,0.0020419261538281858,0.08279967683685263
14999004,0.006079688412649189,0.0037836095634892295,0.015667530023167845,0.0015580984972263753,0.000983113658688981,0.8940608999450752,0.05842889088769525,0.006127052538909079,0.013311116473098886
15001560,0.0001340085964377758,0.002613945059598025,0.0009757347060966896,0.0006441711074102345,0.0019840625681120713,0.9514053861890646,0.02112625399551234,0.004856146504717699,0.016260291273050575
15001613,0.0021645190331222542,0.07668369855334958,0.04484791600173057,0.11074242874125075,0.05368889329236886,0.16376627568376187,0.006914855383619876,0.016031515370969904,0.5251598979398264
15001738,0.0007909873926193102,0.08946057433290446,0.01202943930417323,0.09789568180637395,0.16551867384575597,0.3491407517363908,0.006029947684552994,0.017243406010152038,0.2618905378870773
15004811,0.0037460337094601787,0.014173945057715315,0.7654403486158943,0.010611326229389748,0.008407370069530103,0.1304346508537497,0.004359388783225052,0.01083879765643731,0.05198813902459837
15008061,0.0014383558246294824,0.000819563923315058,0.002206552037223328,0.0007897751934516448,0.0004863307041337948,0.13034880669514887,0.829816202267653,0.00430318191227124,0.029791231442173646
15008213,0.0025711146159501314,0.0006750767734915521,0.002231664495760207,0.0002513035201426977,0.0002970372783801909,0.27745717348885834,0.33837884008414587,0.0022975926553693345,0.3758401970879016
15008611,0.000431778511049673,0.0016079883740116327,0.002187424313609059,0.0003589127294222504,0.0011795619717732122,0.3244475137574075,0.1230973896559349,0.0020181884022330847,0.5446712422845587
15019961,0.008899152935403842,0.0018191353959764746,0.0035529790482056894,0.0026136210863723316,0.0005937412648759675,0.19024250644579913,0.03475979107269007,0.02536875269829938,0.7321503200523771
15020343,0.002859259961265637,0.0007700297713274513,0.0017207317936823328,0.0019385264793139356,0.00038210084605749725,0.8082835589100592,0.018676392265354894,0.016222950177780478,0.14914644979515862
15020355,0.0022180278560069563,0.0008989777259416161,0.002118280408807953,0.003046826798623765,0.0006545022495213547,0.7329799303161193,0.03523266088906188,0.020551211392945853,0.20229958236297138
15020443,0.004782272775702494,0.00635902269558264,0.003972005503248042,0.010960942078380236,0.0034071654419409567,0.5436108836827309,0.010163762068612945,0.07562112190605899,0.3411228238477428
15020475,0.0008105001285314011,0.0006954823299131061,0.0019802562878686713,0.0008772371226327351,0.00026675264032077257,0.8277353043188441,0.07187427813571803,0.008222321626597097,0.08753786740957419
15020478,0.003695684185932416,0.001166920746465107,0.00714197160364748,0.04130529370552439,0.0006977886638630396,0.12088099175164306,0.00624315059953676,0.06881066855555525,0.7500575301878326
15020616,0.007870668939180958,0.0012745097369640985,0.003315325080741816,0.0023791851521531276,0.0005331563126794941,0.4131771042484549,0.0266355925898076,0.019545469512008123,0.52526898842801
15020628,0.004635649084795509,0.0023360344691546434,0.016038268329823867,0.0027256444858950904,0.000808313152088358,0.17039771520061744,0.1562730216426545,0.0368635186615337,0.6099218349734368
15020872,0.000389139971131933,0.0034788244518187566,0.0072082256912848084,0.0037874534062417686,0.0011117853846443996,0.8529165970681102,0.024519355857216835,0.04963630399305994,0.056952314176491395
15021128,0.0033079483395921454,0.0010221020263973056,0.0047321467995945655,0.0014865688074434432,0.0003979853809211981,0.31260615746524145,0.09236063362747322,0.01675472467323601,0.5673317328801006
15021160,0.001795083172175507,0.0005828915676123282,0.0019534707457800693,0.0008163535636615805,0.00023209660588545546,0.017411690905979868,0.0592793983489843,0.005487276891252535,0.9124417381986684
15021257,0.0003190390632488272,0.0033806322920456474,0.01957568301741828,0.0045457233793339035,0.0007837979875404274,0.013264142454134726,0.007294198450245143,0.00391517664562493,0.9469216067104081
15021684,0.0019383723600466865,0.0009519664245291164,0.004130462493776596,0.001022066722748157,0.000514929732715961,0.31242161289989795,0.565310326324619,0.013648988506079644,0.10006127453558694
15021692,0.000659866812069878,0.0014040554727678984,0.002501856477982209,0.0024025215498286235,0.0006888419031317198,0.6180111768751181,0.10058133176423702,0.012214288576563924,0.2615360605683006
15021701,0.0010689913845255711,0.0004968530399810387,0.0018275031546307432,0.0012226365259176844,0.0003333396065711035,0.05764465890420229,0.004039253960008344,0.004881385832642344,0.9284853775915207
15021774,0.003215887097670724,0.0013159939815895758,0.005829240670843071,0.004854507318434407,0.0005962560285007106,0.8200713184359582,0.014035124324446134,0.018203171807006303,0.13187850033555096
15021895,0.0030722599817641174,0.000574113349387531,0.0008847166444096832,0.0003740058730307311,0.0001894265722333793,0.0191909751180108,0.944656825586955,0.007765897114456524,0.02329177975975231
15022136,0.0005465137936479121,0.0316026550282362,0.041287772185026814,0.6981763659711209,0.010385535515093988,0.022974177644290536,0.003064837603495228,0.009664618342046847,0.18229752391704154
15022196,0.00031014622271515266,0.002042133002720038,0.001581768449671367,0.002415722552262185,0.0012682958760339938,0.9358641531082426,0.006984710211125119,0.007939415920823782,0.04159365465640587
15022379,0.002140640523102584,0.0017937661042461773,0.013064464422714632,0.0013394168994669017,0.00048812815903480144,0.8486314626993243,0.11344260716918948,0.0045020380044858595,0.014597476018435411
15022812,0.0003782634963325368,0.0034549732172360474,0.011309124622955488,0.0017408820975751886,0.0004988454686573821,0.056285207572155965,0.06032832634299427,0.011217048815873976,0.8547873283662192
15023358,0.00023275676865349852,0.0029136537017525263,0.0038426419381683047,0.00098666194876289,0.0004166333028343212,0.021164230618067263,0.1249198625051839,0.003988436466323111,0.841535122750254
15025120,0.0006768035822170562,0.001302952271053573,0.005090178408054423,0.001198548994505227,0.0003092715254078496,0.0376420524812514,0.32173173236084746,0.005389543190884199,0.6266589171857789
15026359,0.005005652149745803,0.17004213651042818,0.018377843464992074,0.0093418230615214,0.002151041712235665,0.02361004787977967,0.1108050779750016,0.0261721914846534,0.6344941857616423
15026505,0.0006666737534159943,0.00369036208135991,0.003006958138096926,0.0018060439518103998,0.0010082943915144186,0.2384897158030854,0.04022149441096368,0.004380732632932347,0.706729724836821
15027149,0.0010941464953477334,0.0011405052514418582,0.0017350506754244103,0.0009549043214076181,0.00042737807027943734,0.3247780090086044,0.5723592012807733,0.023598983685205223,0.07391182121151586
15027656,0.0033655488427208374,0.0008724635613273628,0.0029741103627223217,0.0009283653187105144,0.0003937380092137244,0.14609341457344874,0.6885403325216516,0.027215548916564778,0.12961647789364014
15029423,0.0005826558129115143,0.011591671862647155,0.04053095076557383,0.0040872370931325916,0.0007119283520257521,0.026175764613042957,0.01468891860115583,0.008249146448424916,0.8933817264510856
15030927,0.0009945177403355681,0.005898273220466321,0.00652848230941421,0.002742849635425153,0.0031876810331854973,0.7145202873850318,0.02533432765361831,0.23103384708675584,0.00975973393576744
15030980,0.00025685867690672295,0.001046222933694614,0.0019590102574414073,0.0005964965913660602,0.0011991287785855227,0.9698714075665643,0.010152084639219563,0.007790319494202828,0.007128471062018942
15031320,0.00011907983453989044,0.0015847621798951808,0.0011411034720142782,0.0006188277615856443,0.002408028260098408,0.9696588118775655,0.007564369744593062,0.007756460686090746,0.009148556183617287
15031685,0.001221544423703674,0.030549371100010644,0.024782813159170587,0.024058873019931336,0.0029014466603576147,0.4510366257669449,0.015188459321383664,0.11707283475337116,0.33318803179512646
15032898,0.7193626551173491,0.028098986987274643,0.09449518791361411,0.003721865051256878,0.1051579810272351,0.025395112517202136,0.0024329239547403775,0.012038008325195243,0.009297279106132586
15032900,0.3402378766723591,0.0028350105083934586,0.030311536250403642,0.0013564181609553867,0.0006981158258602065,0.5837367067272204,0.012018407654510206,0.0039752562670509455,0.024830671933246617
15032928,0.8691422615499425,0.001837132862231521,0.027645797041066466,0.0024943302243236264,0.0009740687646262826,0.07001918614133129,0.00282314693327367,0.007343893711697191,0.017720182771507356
15033174,0.0018643636892332032,0.20884792347357492,0.058222530159779476,0.43756108900042345,0.013631121821707014,0.09948843708084705,0.028401446126576343,0.08099120036876083,0.07099188827909778
15033276,0.002263953486500944,0.0018774527955646226,0.3675578412652946,0.011994315104694175,0.002121597359597533,0.04737129882802648,0.008656840018273696,0.133926282633694,0.4242304185083541
15033325,0.0028045889804316384,0.000922971025560702,0.00986808255459688,0.00154004943013709,0.0008303456576647785,0.14750986521577805,0.011721993582045712,0.020778625451960367,0.8040234781018246
15034238,0.0011986889690987312,0.0004211741836294037,0.0009164114782020434,0.0004114543541095323,0.00018082924637572248,0.029706069556056886,0.1120385896014381,0.004596852623816053,0.8505299299872735
15034502,0.0017782563624601452,0.02804165304667898,0.038576239923856705,0.013306703893982285,0.008853848628527604,0.7937424103896061,0.006765889566179971,0.09456635288531624,0.014368645303392
15034629,0.0004229476544029952,0.0027381925609431456,0.006341826105549043,0.002295748389677503,0.005212716030781556,0.9382682797760303,0.006986288051576124,0.02688684674376456,0.010847154687274783
15035001,0.0008558248691926864,0.0013996261371432613,0.0027935796370597435,0.000787911401759741,0.000511133765490982,0.22251915711690373,0.08580004191835562,0.0045393161341719,0.6807934090199224
15035009,0.000522189998802506,0.0012001588692596567,0.001814863378798434,0.0006119395973438814,0.00033413554223540507,0.7336964644878459,0.1343043736058769,0.003230811054497367,0.1242850634653399
15035907,0.00360424306338347,0.00043245991214459147,0.001582857495744546,0.0005840096846719995,0.00024787678129206366,0.049961239241107805,0.1360970130871084,0.0041228279840499395,0.8033674727504972
15035992,0.001547490866469222,0.0015577711593187883,0.0015498741904973361,0.005351151666298277,0.0024849428043803986,0.8020952873762435,0.02777924472435192,0.00871742870729917,0.14891680850514138
15036249,0.0015834027346496944,0.0013675832481728676,0.002497171864146458,0.002941532398293096,0.0007359832328635577,0.2988930469836766,0.0720511728813284,0.015065356344865284,0.604864750312004
15036548,0.0005434885734593354,0.00240860262913472,0.008221585451705237,0.0010479203504440062,0.0008880848306364027,0.9201800808689569,0.009577286898736046,0.011668809119223902,0.04546414127770353
15039526,0.1281915933849919,0.010769573952026879,0.08102589962240146,0.02387258720892737,0.013142674593387376,0.6690763578889013,0.004839012866227959,0.025608550821073082,0.04347374966206276
15039570,0.007251216940538454,0.015166505511072688,0.11703617461150152,0.023708604373323026,0.02141532097053964,0.7770345748045885,0.002598925571538319,0.014691977447839073,0.02109669976905867
15039573,0.007269841081221295,0.010210035948993905,0.10000066254511748,0.02511013013738425,0.02850109976666106,0.7771058917019881,0.0025248981021426067,0.015424692817212888,0.03385274789927845
15039604,0.0018012119782385453,0.005837425073459914,0.04298246907853706,0.036352101407738015,0.01586172730135318,0.8266174905192665,0.007964165795935976,0.02193796217768211,0.04064544666778886
15039605,0.02209285071552088,0.0029848316869098357,0.02296498612001917,0.007732074793601814,0.003207142700334228,0.8873454974002415,0.004358415031173496,0.017185322512912597,0.03212887903928664
15039606,0.0008802888473795685,0.0020766240045426818,0.022943634820613887,0.0033815426006410182,0.0025548540119406334,0.7640781162963004,0.016366547053977654,0.0735233952302548,0.11419499713434919
15039607,0.0007101584242978782,0.0026839486948558164,0.02425951681383202,0.010053828786761957,0.005773325873589808,0.8962434840555565,0.013007061996046615,0.023228203772965902,0.02404047158209353
15039619,0.010193063348345667,0.024285250867934108,0.025274120898153542,0.02773506265335677,0.08609640047841798,0.7331057477450159,0.004541400480989975,0.018428246255363972,0.07034070727242218
15039670,0.002880689305406779,0.003923817593011599,0.022122991727360673,0.013880273122320133,0.013145459158880041,0.8683433271408049,0.011149570413161652,0.03511132717658545,0.02944254436246887
15039706,0.0019999123203995285,0.002036371162302042,0.012071152522346196,0.003183961177124622,0.0020806343138881148,0.8945728918902738,0.02077532399683909,0.04291844467759768,0.020361307939228794
15039727,0.0024626187876244238,0.0013231370621570467,0.0142403244759318,0.0032133450749114766,0.001219293504983599,0.8768969199845125,0.013425357792213762,0.036869809714733505,0.05034919360293193
15039753,0.004871377788607715,0.004053779324935142,0.017805969580561156,0.0164796873183805,0.003996675282078299,0.8762106192290613,0.004305029763177618,0.038325240364248656,0.03395162134894966
15039779,0.0030823002926930365,0.0023035715591339626,0.003984803637753745,0.0016188882590962967,0.001630980898640413,0.9153856809805863,0.01578109532727576,0.041003221575690425,0.015209457469130123
15039847,0.0005447054718282499,0.002402482894369725,0.015088078314130601,0.0029180766283799712,0.007763876121332743,0.9175480183140984,0.007843226468011109,0.02769875136026034,0.018192784427588975
15039953,0.002199188367493247,0.004388487190236374,0.0021183794766498213,0.0026514277392857325,0.00544635710447953,0.9416699663961431,0.006329200674294013,0.012323334344458182,0.02287365870695998
15040005,0.00028886117504251446,0.0015720079295555955,0.0033372534865297506,0.0015956727726313736,0.002665289285662175,0.9577853730303201,0.0029757508434393783,0.015249923896676603,0.014529867580142708
15040385,0.0007817674638387946,0.00603241145495207,0.007003127798736475,0.004094166920835469,0.019535192272550926,0.8483093110300033,0.006025097919502312,0.047566214999447534,0.06065271014013307
15040821,0.00016496113469136663,0.0032032511929361456,0.0018848037360385734,0.0007174853101774869,0.0010886890771961886,0.9694671508048488,0.002276634022935927,0.005726442020044099,0.015470582701131413
15040857,0.0003968886884721113,0.0022487715571966682,0.0031289847738304876,0.001056202314009623,0.0015323740294432174,0.9285148224828215,0.00460789518956588,0.014616947722994211,0.0438971132416665
15041986,0.001506382283176437,0.0011579353259462293,0.0019086027352169005,0.0008269093821441366,0.0008716996694585236,0.9676330099431969,0.005834238417018405,0.005164067260138137,0.015097154983704283
15042110,0.0028606402154127113,0.0018888254674797014,0.005438458892776207,0.0016818741999638967,0.0010364752669195438,0.3108545657189008,0.004464631278356087,0.010960204164303225,0.660814324795888
15042130,0.0027129730212053778,0.0015122237176551673,0.0032721049112150644,0.0011480459104588614,0.0009237775521723202,0.32925071356115526,0.008495019633917142,0.008935036351728778,0.643750105340492
15042158,0.042882136151911956,0.0018295748446627556,0.010032012802194571,0.0030359180671764127,0.0013185013815636853,0.46235985884414654,0.016581110982867183,0.05600886214125335,0.4059520247842236
15042268,0.001470383339751389,0.005219847521739519,0.00834156947387362,0.01036049707620636,0.003631434197369125,0.9032576140198817,0.01309429155366906,0.03212945607147623,0.022494906746033095
15043753,0.00023761507597040805,0.0015535290095477726,0.001553525869518306,0.0015868700054735407,0.0007855576840664196,0.9507451765555274,0.008395742849938081,0.01724987747948331,0.01789210547047491
15043834,0.0013722016300619154,0.008558687462834369,0.06913466097831106,0.00620704092653323,0.0037958263183862084,0.7857513395754306,0.011675409792413908,0.09214121556043853,0.021363617755589967
15043839,0.00029621471866440993,0.0015642775548075083,0.000867458832728145,0.0008141550584519115,0.0008750313593966981,0.9194629846069622,0.03956745741343537,0.011283783702901415,0.02526863675265236
15044458,0.005627112855693673,0.002393017256276039,0.005523578176173418,0.001823210815099977,0.001263870000705345,0.4903625574632148,0.13327459562257568,0.09225734130831137,0.26747471650194987
15044472,0.0024905448929532117,0.002069342683729688,0.0030959633000287434,0.0015691117983473721,0.0015875775622811708,0.7914328795616785,0.10553951186608684,0.06113459796196488,0.031080470372929714
15044738,0.003681676173073631,0.010837685734002053,0.0926834883494476,0.06470933860584742,0.013517958908845556,0.7650451514986457,0.003438699524644951,0.025532139919516975,0.020553861285975878
15045093,0.00026821021310525253,0.017548993916368775,0.002843261026607943,0.0028609629478645393,0.008801011385057036,0.9335534759990584,0.008833675313268945,0.016751592682576654,0.008538816516092364
15045554,0.0002206218505184016,0.0009475134258609116,0.0017145934646961443,0.0004641316074767143,0.0010620930312006983,0.9681638046118016,0.005632368863569692,0.016303497548353005,0.005491375596522799
15045558,0.0013919908765981641,0.002104017668114038,0.01695747950444181,0.006822801535512899,0.005830733531008193,0.836263934660919,0.0037473531823477733,0.11144727027144075,0.015434418769617526
15045579,0.00040691792698301077,0.001651692050815069,0.007274597953491868,0.002384194322746273,0.002990069191072315,0.9389004670686338,0.008320729562140194,0.026934443696941063,0.011136888227176369
15045654,0.0002566160993601811,0.000859278489190525,0.0006071699778233578,0.00030967242127524,0.0005425450533457363,0.97657871876511,0.004920299759592024,0.012229262834378868,0.003696436599924055
15045792,0.0004684412059378108,0.0019078151895924671,0.013232551120470958,0.004974392283087856,0.0028532790001029613,0.9006156924389198,0.006079133241047104,0.057883537413524935,0.011985158107316044
15045893,0.0006923877762954323,0.004341915667244476,0.009854799224408533,0.006377765055185254,0.002787176260457501,0.7868270265749718,0.034304751866198295,0.09855643907146772,0.05625773850377098
15046221,0.00012737313076079283,0.016562634509970565,0.0013583737232021587,0.002824351649609076,0.006205304040385016,0.9486516473634896,0.007170356236259392,0.011810673664584536,0.00528928568173888
15046234,0.009765673477183281,0.0048052828899551574,0.017329782223637145,0.002843002441710318,0.003500140554567407,0.9206949345958122,0.01820681912004333,0.010053966063704225,0.012800398633387016
15046237,0.05331332860808367,0.01289033800145894,0.5065782884296521,0.09257377850690662,0.11665462028079622,0.17245449837949633,0.0019066755257662101,0.01902827122255516,0.024600201045284577
15046520,0.00035347153583038067,0.0024771019053928946,0.004823540068535379,0.0007528431059861117,0.000842665378216595,0.9403949016833582,0.024574843347240635,0.012757027713623486,0.013023605261816349
15049213,0.00015373769790572636,0.015893974534394006,0.0017547607640992892,0.0051069481551636615,0.004576839682438146,0.9375166889219271,0.01365845194966108,0.010426999268761674,0.010911599025649187
15049624,0.0016100651359568776,0.0024183402649250387,0.08809583470671851,0.010273792701231965,0.008011548854972347,0.8398708058505477,0.007839228597352517,0.017335641417322262,0.024544742470972696
15049791,0.0024010152633708857,0.0077944749384787106,0.030576473402423917,0.00799020656696404,0.0018157801939888644,0.8495828934513727,0.029230501881097836,0.034680990302184744,0.03592766400011828
15049898,0.0007284996316055934,0.0055736921478988745,0.03830651039429035,0.01027462994571877,0.0025312851137147363,0.8700323990387187,0.013296590767146087,0.012487856521991136,0.04676853643891589
15050105,0.006901398735201444,0.004321167079740632,0.011085996623178678,0.003974096738658684,0.004549577738154822,0.9273343809326142,0.01883919384532363,0.011882499407114031,0.011111688900013909
15050202,0.0010145844779319334,0.013914385750349702,0.01769529256509775,0.00843642675498567,0.009830242528223378,0.9129156591178377,0.002965210597169308,0.02176971795890698,0.011458480249497555
15050310,0.0016552035378593931,0.013099217220883174,0.0064444302927036895,0.009638323391980482,0.018878175124994196,0.9007620722399902,0.0032097351484616293,0.03496260209753808,0.011350240945589129
15050463,7.354932512813123e-05,0.0005947951582835199,0.00046801717170671177,0.00022094442016702267,0.0002905255794720369,0.984026810001289,0.00663193786552893,0.003118954220449036,0.004574466257975602
15050557,0.00036970610684950686,0.0007106392236117674,0.0027118047437834003,0.0007909964594615988,0.00015884499269394747,0.010606180722196714,0.05404831965120356,0.002708643254653591,0.9278948648455457
15051367,0.007209835645684582,0.002558771774885978,0.031270482464824195,0.014083217864856716,0.0029980385108182915,0.7347493039851389,0.007325368288516773,0.17436783665282823,0.025437144812446334
15051372,0.0022324678733699832,0.0032724854134628966,0.005952603720138492,0.0014430864166969858,0.0012823170834347438,0.8954535073812796,0.009134290950774329,0.05990555741614431,0.02132368374469866
15051440,0.00032660810323050535,0.004019371486819742,0.006959499645961428,0.004329293023440227,0.0009491518641275631,0.9288146430431835,0.006473894065081829,0.028228781408815566,0.019898757359339613
15051458,0.004761807459450442,0.004285348737592556,0.014997002333103495,0.011696179988491458,0.004994466395731345,0.7742599593335118,0.005941147817127578,0.15389704549775923,0.02516704243723223
15051493,0.0011003655801040805,0.004817868712152014,0.0013104033369343664,0.0009730398370939017,0.007201750770417419,0.9604428985038198,0.00796544372915759,0.012391787455988387,0.003796442074332473
15051514,0.0004907796732737689,0.0018531168354364131,0.0077728785561607516,0.00453892540196064,0.0022536201631461264,0.9254203460088573,0.002636526119419373,0.044371391452685545,0.010662415789060069
15051526,0.0009280217054230237,0.003532569845116219,0.015230720610532086,0.011216649828208282,0.005173229221143786,0.8893816165638453,0.0037586223576301352,0.05773451605286847,0.0130440538152327
15051944,0.0005468437620545188,0.001284238215121086,0.0025944033304697513,0.0014054414524753843,0.0005133017935089147,0.9502840508530626,0.008950205938180944,0.021371281612583486,0.01305023304254331
15052019,0.00026710703908275037,0.0015632489556918648,0.006019896628010634,0.0007147525839697119,0.0008645332620401488,0.9529591123640205,0.010759298459523317,0.009607298259499259,0.017244752448161805
15052565,0.0004816494038945396,0.025180713880128217,0.0017449051488774043,0.0025485051551436583,0.0031594876284003746,0.8591745573074397,0.004884765217244439,0.03338568795689586,0.0694397283019758
15052976,0.00016286681779412504,0.009187702698500238,0.0009837241519426985,0.0013230835807563255,0.003613666500570724,0.9616574103734274,0.0048287208604542355,0.010062248797587185,0.008180576218966994
15053085,0.0006749201468312917,0.0025591509784201063,0.010191440282051234,0.0020176126029780267,0.001326523199876434,0.9300516759853398,0.005204807250076465,0.014525917450777361,0.033447952103649224
15053109,0.00048311018133648356,0.0015803726079444374,0.004438871440036652,0.0017334552376679574,0.0008972823749059623,0.9459993619118051,0.004432600511387863,0.013354455917406553,0.027080489817509084
15053168,0.0005786425357717399,0.0024453190180476823,0.007277933136339377,0.0032613885209533964,0.0012349714344330632,0.9505492087067235,0.00260161309703641,0.0198339676143951,0.012216955936299671
15055032,0.00011174416731526599,0.0029465922843949313,0.0013126150052617587,0.9830919532131691,0.001097316869711997,0.0021072812883293135,0.00071291398648355,0.00683035330994152,0.0017892298753925979
15055131,0.0005419823992851062,0.0012441780936675874,0.015005134135162624,0.002160146044595394,0.0013301018658788309,0.9222264372755771,0.008073071548407666,0.027789935563662486,0.021629013073763203
15056263,0.00019928660123292395,0.0020695086032495097,0.0030443664001011555,0.0013063635010148414,0.0016480247675599703,0.9738404285320582,0.005101898659946099,0.0065531425610597036,0.006236980373777686
15056325,0.000247073759673309,0.0016364212126320317,0.009289925086205212,0.0009190354614033276,0.0014740590159248027,0.9101891032979739,0.010544023502773463,0.0057704620482521745,0.059929896615161855
15056446,0.0011287056663942749,0.00337982078550725,0.03580895723550919,0.0332388744868559,0.010139858012973903,0.8587768368764543,0.005465905603003677,0.03375747606298901,0.018303565270312436
15057064,0.003154145813970687,0.030424200570141197,0.06596115880450314,0.016503993437348687,0.005604823453052814,0.1440255820367212,0.010078322028709114,0.07671144333138301,0.6475363305241701
15057224,0.002012375763515138,0.0027128088806650714,0.36055761658111024,0.00876305559853834,0.0010327085145540886,0.0384770419317952,0.008421560677761498,0.013455439211741582,0.564567392840319
15057243,0.0004697400050615933,0.0013430525917114114,0.03102424421885687,0.009864526454452663,0.0005416961770378108,0.005524817916160487,0.003010437503171708,0.004936858113492441,0.9432846270200551
15057248,0.0007531266375828783,0.0012474405541992848,0.00971094745242245,0.007559044317011083,0.000747885353557032,0.012677567261408205,0.004790214709546171,0.006520221659510099,0.9559935520547629
15057289,0.001415589823594262,0.00129204611242082,0.010781602385751082,0.011515305276284932,0.0004200755074304573,0.011923993436664318,0.002839201332105405,0.011584506052104374,0.9482276800736443
15057296,0.002636701169128564,0.021005219302771338,0.046663141580862405,0.5889909474459826,0.002128765639463933,0.015225192524753756,0.0055589537965170625,0.18236295087219148,0.13542812766832887
15057304,0.0006351821623574425,0.003571738517488724,0.061381596132382386,0.007996682292395547,0.0006211048571164313,0.017637548644119705,0.006879434794114967,0.023657519340068767,0.8776191932599561
15058303,0.00035272084428759974,0.0052747450493007934,0.008235793246670646,0.002077172909120805,0.0013465292257279552,0.883698100855501,0.025489412219971776,0.03631212755486183,0.03721339809455767
15058305,0.0002696737345352552,0.017937586342791256,0.0030861133810689964,0.0017122454354441482,0.006227610569914443,0.9197615701664329,0.01095192508766902,0.010673426855101247,0.029379848427042755
15058429,0.0010281074524181265,0.004470910654650551,0.04846775804750311,0.003043918955572857,0.0012124097811739424,0.19379414105015666,0.012656451900345074,0.04399586534904833,0.6913304368091314
15058514,0.0013279469605415337,0.0037084645658969433,0.059788128101830144,0.021148471641494408,0.005050912872837777,0.7777927781854137,0.006283109450423714,0.09304943742595839,0.031850750795603344
15058557,0.0006929062135315273,0.0014173360344861602,0.002614830959361648,0.0005508064976415746,0.0007844961054985816,0.8536923443443155,0.06169255957263148,0.016012658516417096,0.06254206175611628
15058570,0.001980347206499181,0.0077559014234782194,0.01590306383640761,0.009163357380636662,0.011163288990292505,0.8853816181913216,0.0033826516474603483,0.02697480386812835,0.03829496745577537
15058887,0.00026512849794452795,0.005340372291261678,0.0027238426006262802,0.00159663730507639,0.0023230796638907918,0.9430136189047117,0.0019120191804300087,0.024468673252283055,0.0183566283037755
15058936,0.00015325815282923863,0.0014189576856370682,0.0008313846648633494,0.0007449168696218337,0.0009010477244381699,0.9730738473698277,0.006064993443522273,0.008869354187773305,0.007942239901486946
15058967,0.000234651829348842,0.005158744973022047,0.005400962891528906,0.9398461275477507,0.003773297415196836,0.012067248170826828,0.0014749590673751472,0.01831002108119707,0.01373398702375372
15059289,0.001114633169411316,0.017691001609121283,0.00424647151685288,0.6216861464180666,0.29750178507751207,0.0051633968151883055,0.0017620839275856598,0.02417054538046535,0.02666393608579654
15059736,0.00023353377805370354,0.0010981158650184863,0.0020452663283901814,0.000607698285531842,0.0007086803205946056,0.9750412151206991,0.010455604265712128,0.00484947805538586,0.004960407980614212
15061215,0.16959190314566838,0.0026427172932540896,0.008210116527436187,0.0019242787818984472,0.002978480168739798,0.7781653736277615,0.018823897071352767,0.004382723311556844,0.013280510072332014
15061312,0.43572681126059254,0.002339498129002005,0.02932829265203099,0.003612625614857825,0.0020405499434358585,0.3320643388042961,0.02055902049542679,0.06189889520766109,0.11242996789269688
15061627,0.0017660512563035466,0.003683151241230634,0.04265403373814958,0.013982934645255005,0.009997046678061582,0.86683017787848,0.0090486394200217,0.03497545403866033,0.017062511103837653
15061644,0.00031891006592985467,0.0016991584441152046,0.0033514911043397515,0.001981444698966241,0.0013973543923646353,0.9676971579690589,0.006134999943391376,0.010600609295338015,0.006818874086496059
15061776,0.0016012714272131364,0.002795715486937238,0.01091039518206431,0.005780227258246011,0.007965554884792891,0.8950088993933166,0.005420272970835878,0.0491325414975508,0.021385121899043177
15061830,0.001395175051838099,0.001300339185982581,0.007578844556627546,0.0020851168797803906,0.0022210593684689538,0.9192650188641631,0.004484941022850077,0.028746086995419633,0.03292341807486975
15061848,0.0010373494410089092,0.0024109136405800935,0.006524372927197878,0.001632471481168152,0.0025739009427122837,0.887699291931125,0.05889378005208015,0.013448934918741731,0.025778984665385914
15062228,0.00011803742189144589,0.001459194038801203,0.0008703687599496779,0.0004030174094594115,0.0010568300247241404,0.9617474912214078,0.011082149487664396,0.011856134098823462,0.011406777537278538
27203641,0.00035312072158047284,0.005869887902246822,0.0021049633864398854,0.0009244303171889379,0.001076218107549881,0.9068809106129131,0.0340611856809501,0.017795356456139087,0.030933926814991807
27204020,0.0001786110843989019,0.009895077448991717,0.0011169170883630548,0.0006183156185539147,0.0014915016660193834,0.9154722154929418,0.04027975186762773,0.018634116309747352,0.012313493423356121
27206412,0.0003764289436658614,0.0022187836873298647,0.0027190481985587666,0.0005506418500305093,0.0007637404824978148,0.8545506962036958,0.09310478396580187,0.009865149650035354,0.03585072701838419
27206656,0.0007866094783200815,0.00622574627817284,0.004547879129934502,0.0008042562105525337,0.0018905355224113308,0.8967026979512537,0.04856392118526523,0.01756112776368197,0.022917226480407872
27208230,0.857699367026385,0.005256313680918346,0.0022138062481128684,0.0017561230156680067,0.021569598463858277,0.031742464752806746,0.003102126060252674,0.01244923407477792,0.06421096667722023
27209390,0.0006093798610733639,0.009742979899840918,0.0079432409061883,0.0009570464407299412,0.0007086229524333815,0.3494544394550571,0.009854659601939752,0.06692957917405956,0.5538000517086776
27209479,0.0002657169871549467,0.06111225341112705,0.0021978031793744857,0.002266196896131492,0.011354511995745201,0.8774582402819188,0.007526845067171089,0.027171268958465385,0.010647163222911708
27211860,0.00014001292877335614,0.016145621614675074,0.001407441820007467,0.00473381471843244,0.00214184156109056,0.9386259020332008,0.013937632995108938,0.007809254084030342,0.015058478244680984
27212120,0.0002924821332234603,0.011515186540502506,0.004940620471189676,0.0009961232391656521,0.000987959356908775,0.8940351452689761,0.033212298640766656,0.027103219412736374,0.02691696493653072
27212973,0.00025926490343616723,0.020169100643238413,0.0019391565077961166,0.0012931316761274764,0.004039838669171597,0.9327604101097046,0.010050829556797656,0.008390232019963037,0.02109803591376498
27213635,0.0009220733317880018,0.0033039376026345354,0.0022137110722619075,0.001271493081903257,0.00255911223394384,0.9112056578183725,0.021362196321212078,0.03178215660897956,0.025379661928904257
27216793,0.002922060221244147,0.013695785747790509,0.017677262365737873,0.001646690590682885,0.042530540146210605,0.841270243106088,0.004303563622018684,0.02668978265433874,0.04926407154588862
27217890,0.13638779749730387,0.006476645531302774,0.00422503546691082,0.0010211571775504721,0.008363249599475313,0.6770099660325469,0.12244736214511014,0.006143589096698182,0.03792519745310151
27218299,0.00034695169621546014,0.003011862326052199,0.0033293531089717684,0.0005955770863533553,0.0010234024583848317,0.7195138639866745,0.014856598108429233,0.006717091631735507,0.2506052995971832
27219055,0.010102931620546637,0.007524659010455201,0.0029788552127661626,0.0006116237245459739,0.00866239623292452,0.9111183461737095,0.03422343822541899,0.00584286714965453,0.018934882649978585
27219363,0.0002845590592633184,0.0044805478539470135,0.0012618961167974105,0.0008621350945269058,0.00047256077596029083,0.9511964125738506,0.02886094660446209,0.006855063812267164,0.005725878108925316
27219923,0.0001672794693896076,0.0021794938059572157,0.0006571931368120325,0.000720500244317951,0.0004731115518507412,0.9414872673667772,0.04469312424998307,0.0036213918519908323,0.006000638322921353
27221361,0.00019715664794105488,0.009570997242265528,0.0012903816612326272,0.001844552814818695,0.0008114004103509597,0.9407690994883567,0.02181038328066354,0.010249131875745584,0.01345689657862527
27221885,0.00015717349864893059,0.0041435876497317725,0.0008488992403601005,0.0016009624178871425,0.0008612657816154769,0.9571891669397714,0.008719364730621883,0.004558351854919191,0.021921227886444124
27222482,0.0007447849644611963,0.05692171568112816,0.010210733433322685,0.0037028444605747388,0.029641252319433393,0.8060404775762515,0.0055529507431877154,0.03777984156814112,0.049405399253499516
27222643,0.00994837823541701,0.0030946103146411268,0.006457954032950648,0.003231077875125914,0.01920126213426593,0.7944771570377517,0.012358935420348487,0.02086165525553996,0.13036896969395917
27222752,0.00018601683446292248,0.010601491471036853,0.0010749043697426972,0.0006337366076408103,0.0007263825253255618,0.8668292162676834,0.09490288212445648,0.0037876472624798325,0.021257722537171456
27223993,0.0005291222012119194,0.040005946319247164,0.0018349901400467358,0.001264846241736573,0.0024816956901333167,0.8549044040711214,0.027076854447654144,0.04097800742023766,0.03092413346861095
27224111,0.0007652293333761707,0.01889892705043157,0.08798511525742694,0.016896690258827812,0.009091711403824762,0.06298843191149961,0.0024104559010560017,0.6080096014251323,0.19295383745842495
27224390,0.00015312578226139566,0.009821885379924879,0.0024545546965037885,0.0009598608468918758,0.000984313802920162,0.904149602394684,0.027903778846600613,0.00976013435541742,0.04381274389479599
27225248,0.00017638230952118518,0.01359090828714037,0.0021528049979602708,0.00108415294402941,0.002028530138242464,0.915874152672733,0.02287473091051313,0.018224403603946553,0.023993934135913695
27226051,0.0005480489677541937,0.12001164884985398,0.0022572393965938618,0.0020117459853637985,0.5656350910577667,0.20315264369327551,0.0036948361756616306,0.09136792073540353,0.011320825138326853
27226820,0.0002911164427412689,0.010113456720895888,0.0018375393617859948,0.0010028308454041626,0.0009391536059935562,0.8716898447566683,0.06479688593790044,0.02454835174063258,0.02478082058797794
27227362,0.002299879711821841,0.009092749446686465,0.011126182903660192,0.11574116383588155,0.12172950603617762,0.018434197675836653,0.0013523831870280794,0.7041221878761084,0.016101749326799232
27227417,0.002341262807204133,0.012687265270255889,0.005988289790735026,0.04242212937713282,0.0879173596989254,0.047438413473550954,0.00105364517236796,0.6061576357533126,0.19399399865651515
27227545,0.005504467921474322,0.0048096760710767085,0.0015814060008319149,0.11564403902834863,0.19750453284449618,0.0016954633564050506,0.00040985552187486996,0.6624020295376631,0.010448529717829247
27227747,0.001480316342153702,0.010952482014147849,0.002051041289703968,0.02791852077872554,0.12710602881754987,0.009680532796321454,0.0007156446564913233,0.7928451204417519,0.027250312863154387
27227927,0.0013544478033034987,0.029869438654992357,0.002177159377499202,0.04872518766418745,0.37665750260325476,0.03535674348045562,0.0010633734465095247,0.4712400700395061,0.03355607693029152
27228008,0.0008396768718041784,0.020239101253536486,0.001236889281203536,0.02750637838553892,0.7728838761721616,0.013695837334679956,0.0007826326064683691,0.15535270574457066,0.007462902350036363
27228350,0.0006613836810131232,0.022713527603666697,0.005885595916254398,0.002867004683750064,0.006718683400911916,0.4831071084180513,0.007460843725019454,0.3735979626453394,0.09698788992599373
27228394,0.0009063578491277593,0.0124716944823598,0.0014263958724364124,0.077625393446322,0.36107946057653195,0.008640244047432844,0.000735200810669105,0.5312498951479185,0.005865357767201659
27228486,0.0006864883445906019,0.004895836954617617,0.001805387745896045,0.0007593588008782341,0.0011594981383016459,0.8647070592959595,0.10077007312866512,0.011883974714611814,0.013332322876479497
27229246,0.00041400882454553504,0.07633603438409362,0.0031384975432093352,0.0015025855111386315,0.009700688131481476,0.8569792022069515,0.009319994052029431,0.017265029959778355,0.025343959386772117
27229258,0.00025403042513053373,0.0024714134669368355,0.0009151793989953045,0.000665465523735103,0.0010178301574995782,0.9465312238045441,0.023143594884894245,0.006788982223148046,0.01821228011511621
27229306,0.000907157911329049,0.031138837227846917,0.00242196672786658,0.0010370178066476464,0.015218866976295141,0.8831917683890615,0.007889274784446723,0.021486265293419685,0.036708844883086546
27229512,0.014195970094835975,0.005292281346801187,0.00399188711896292,0.0017418634885712817,0.0052037774439309915,0.7233636243544357,0.04048949401728666,0.015389764085094702,0.19033133805008068
27230055,0.014623019625009078,0.002948291316972431,0.002298368939567792,0.0009476154105780633,0.00355284530671662,0.7753327691917127,0.01442046385382618,0.008081528783660459,0.17779509757195658
27230350,0.002139601744747073,0.005969136325669509,0.003165717219456035,0.0011269863586245905,0.0021928839818939573,0.6929720544085216,0.2059495597370248,0.014959817503463254,0.07152424272059922
27231945,0.0010880251138975648,0.004862456055485029,0.0009680481172700859,0.02382112715450196,0.050230175797706535,0.002232190190848696,0.000527533265558811,0.9141464759412026,0.0021239683635287236
27233361,0.000661433225395476,0.005990682927788918,0.0034006592988753185,0.0011426560638306698,0.0016428280953787368,0.8319214469312994,0.0846316414511757,0.04496754334426822,0.025641108661987485
27234012,0.01228112514034677,0.004672446814176662,0.004933806043972537,0.0027868569129182994,0.09143100075070984,0.35431940069592766,0.003063211308850335,0.027388515885190225,0.49912363644790764
27234810,0.0008381912728789498,0.023253851018351545,0.0020700165409221604,0.011291693643116628,0.1260178992571354,0.004649205611279083,0.0008534475129181501,0.8233163579731535,0.007709337170244576
27235927,0.0009055534263006689,0.025778757580110893,0.06535260930837267,0.0012545240715119924,0.002568780690262437,0.7673806927544805,0.02125782265387146,0.0638797142193501,0.05162154529573929
27235992,0.0006874543435531449,0.04610040289279052,0.004279120821346959,0.002201986258060459,0.008255563859258758,0.2190021263984159,0.0044955046789000586,0.0430398896423458,0.6719379511053284
27236473,0.00042096876039708094,0.004001205806722806,0.003618980814110445,0.0004263999954204458,0.0019229434072813736,0.9256883314999599,0.019000650692970383,0.009968041414309809,0.0349524776088278
27236611,0.00032085045264632306,0.08446493897060568,0.0005297073145942366,0.009528175364928185,0.8445093697409297,0.0027664656724297665,0.00040448151335133,0.055351844303367176,0.002124166667147689
27237922,0.0014057908511988402,0.007093551235844169,0.00520641758599817,0.001774203693075507,0.00562706741008206,0.8381128035258532,0.021537804487996096,0.019470630963864855,0.09977173024608726
27238108,0.0008064780579451458,0.022873495501633513,0.0025086311054135944,0.0014262851857093832,0.007044730404060902,0.8294798143986767,0.0797558627910588,0.03708769508551449,0.019017007469987277
27238172,0.00037619605017612305,0.04055912217602576,0.0012116118099792595,0.0017333229006208336,0.004576960288251471,0.9091254963455969,0.02484690525798782,0.01090851027929367,0.006661874892068177
27239286,0.0009765404558228605,0.03367992687206893,0.0019971568829734196,0.004029510857308689,0.01363497389136605,0.5239228542584587,0.009549476183108358,0.15747650904391103,0.254733051554982
27241704,0.0004575213646637911,0.4184577272986624,0.0052886030572973615,0.007214832658535287,0.341420628281733,0.18580416005289693,0.0030746954636007833,0.02827022377410402,0.01001160804850643
27242056,0.0017560384241330142,0.04268629473189162,0.020945396921114284,0.009602380313963535,0.6478849455423937,0.10264612004663122,0.005727432380580242,0.12769867440447047,0.04105271723482191
27242549,0.0003230584968135059,0.0010361607943626889,0.0010400919646927434,0.00029587245496965925,0.0003539503342661013,0.149516063902963,0.8333445088584283,0.002097492193802037,0.011992800999702003
27244942,0.00044599740307055345,0.004699480705226461,0.001973936493385797,0.0008255039181906485,0.003157180931490703,0.26743650684456977,0.0022448498448332443,0.009524477165070443,0.7096920666941623
27245142,0.0035116165348944724,0.053191714312386805,0.09851126984881246,0.004146122066777885,0.18193621595320572,0.11210699436566136,0.0019484455663749767,0.15278199173524512,0.39186562961664123
27245414,0.00529968899999853,0.009886738254525886,0.0140338614402501,0.00519859424604677,0.12662105693223252,0.06433549012821788,0.0014590079375651137,0.09201477925902789,0.6811507828021354
27245486,0.0005324774650017457,0.03324052709452897,0.0028438403965679432,0.0013643639429215743,0.006703101195514729,0.8345544792072479,0.010356679468600001,0.03825917153982391,0.07214535968979319
27245645,0.0007548582924031067,0.01045376698675189,0.002890952628884212,0.0010739166306596628,0.0047453218492363005,0.838334957995689,0.0259187305779074,0.0601302020911215,0.05569729294734693
27246508,0.0016536970731633514,0.005222723327288759,0.0070427719006698605,0.0009997858064531094,0.0012275821826559302,0.7574360810738784,0.1551154992621188,0.040948472242598934,0.030353387131172915
27247366,0.0005249223132564256,0.01555263102691734,0.0032636006239892,0.0012081768184899638,0.001085262640062315,0.6943562996892917,0.22414128861534738,0.01049412614175068,0.049373692130894944
27248085,0.0008806494300920557,0.001910694293053301,0.002076100137472786,0.00052391915517287,0.0007153158216888903,0.7398256354534177,0.23680711973269838,0.009014192806900152,0.00824637316950379
27248316,0.0061525074834033145,0.012839867048584913,0.003104267724394719,0.003357195063393436,0.020533474395732207,0.6569061055769003,0.019500199794599642,0.019963234836916897,0.25764314807607464
27248920,0.0006741145791695784,0.011297639533078897,0.0243832633600767,0.00884533360071849,0.011369466886198639,0.043051655722284476,0.0030539878415591247,0.13720636135852454,0.7601181771183897
27249654,0.003050838386984161,0.005370983535749627,0.012046288303421377,0.0016539381839745728,0.0013647740314718943,0.4790051520393509,0.261935687653497,0.12339403678522073,0.11217830108032982
27250103,0.0014428905641632424,0.007753854249317581,0.007337199443705802,0.0055705344751248295,0.1348682419143941,0.04167481092266279,0.0012364804867218708,0.04807249066836205,0.7520434972755478
27250484,0.008698676016495594,0.008248585282766691,0.17323796244818235,0.006319768800606076,0.21800045958062728,0.05171160280412744,0.0017842049487660522,0.11040284489164527,0.4215958952267832
27254075,0.0013602988002412609,0.13805304798124163,0.022808758644231927,0.002831424967217786,0.008319979660790209,0.49176198407201205,0.013034062347766561,0.11779325010329184,0.2040371934232068
27256605,0.0006710942214579472,0.0024973066777584964,0.0011284569439425642,0.0003424705860151808,0.00116443145185383,0.3689632093840169,0.5700443515183938,0.01563503067426816,0.0395536485422931
27260821,0.0010132555428801256,0.0011613226370083276,0.0013138783403101111,0.00037592207459190757,0.0003168167869081132,0.32446526858937785,0.6343654481362312,0.009161718928117344,0.027826368964575084
27263673,0.004166952203982578,0.004460008866737322,0.005729286106027955,0.0009285311018505957,0.0005581849052628205,0.17432366361084162,0.7260453869413998,0.010613351688635086,0.07317463457526226
27264838,0.0015880459201244384,0.0008776993893542652,0.00392188617904196,0.0008408126104238947,0.00041321976852392434,0.6309764756699651,0.3360719818030243,0.016002271831415112,0.009307606828127224
27267285,0.00018155632711556484,0.001192889484752314,0.0005265961764144481,0.00030300801696247673,0.0007121833390315619,0.9669900104700002,0.010771787534765582,0.012873850501306046,0.006448118149651764
27269056,0.0004093642230613541,0.0025239126749648,0.0012301848535561859,0.000610900867312384,0.0016322463612974654,0.9372992166644223,0.003827475169901986,0.016663558392922558,0.035803140792561014
27269065,0.0028793631910869048,0.0002885133780115733,0.0006884657870555713,0.0002187249674730106,0.00017150174361771939,0.015125814076604478,0.9598085825510398,0.005017641958812225,0.015801392346298505
27270200,0.0006278635375609829,0.0020355460730219926,0.0024712885242465467,0.0005381648089966023,0.00040112441713751777,0.6995324423938027,0.2768984432690518,0.004416497121041803,0.013078629855140132
27270846,0.004300167057186355,0.007414238941251801,0.008895691584812373,0.0036651543969945135,0.002561045545916378,0.8225028389887284,0.022399490490795263,0.032374595582698194,0.09588677741161666
27271299,0.0029086854606902124,0.0008571318858701525,0.0011454157434566369,0.0007701502042297135,0.0004479183620708812,0.28399425931863975,0.6733448383711016,0.010603344130682832,0.02592825652325821
27271832,0.00017626063100256248,0.0005802297897962961,0.00037652438546098007,0.0003015668993017921,0.000352389313582185,0.9626875530304105,0.022173049276076173,0.006775687553849186,0.006576739120520358
27272650,0.02053329015762999,0.002554604237402611,0.004274057718229172,0.009624018296635835,0.0012027480076983697,0.5673314293231877,0.10505143533380398,0.03995627210054854,0.24947214482486374
27272926,0.0020539029305510622,0.006182333641133239,0.0013018680098552695,0.0026049649448830216,0.008451274361536814,0.28574477366147166,0.6147724346146017,0.012096588214281624,0.0667918596216856
27272937,0.0010278941056404722,0.009088351876975882,0.0014289295188182703,0.001345516094920412,0.022682088124561385,0.9356554552346402,0.006779627172864369,0.016573011272578334,0.005419126599000664
27273133,0.0004902333524257371,0.0029101626063002426,0.009475110085203917,0.0018015260638214337,0.001085436716480323,0.920362950994738,0.006427820449057562,0.03354561225266447,0.02390114747930845
27273193,0.0001591624277007617,0.0017295636679286097,0.0008027873575243193,0.0009251772105043646,0.0008383746677379113,0.9160512547534306,0.05949493543359207,0.012754645822810265,0.007244098658771138
27274096,0.00019494381525739455,0.0015366747117063393,0.0008509459871571733,0.0009805210734856959,0.0013808886189385795,0.8430315508372744,0.13602556092629162,0.007475940168340691,0.008522973861548013
27274147,0.0010922209151498499,0.01794118635447287,0.0658184747735986,0.3766962145500261,0.0637535346525853,0.19608371389845394,0.06894030352218104,0.042755860015523305,0.16691849131800893
27274349,0.00044761437811360465,0.001288689578894766,0.0009036958839019769,0.0012179681751467919,0.0022464993566791015,0.9470724212074002,0.023979087740264648,0.011775194525691503,0.01106882915390735
27274643,0.017874324793305127,0.001296156615185573,0.0033932138713006154,0.0007138927295040607,0.0007440611241740018,0.862649261348301,0.08953265495768926,0.014211900924705567,0.009584533635834785
27275251,0.0007332973591840517,0.004198245312254033,0.0043816066029644775,0.0016680933240746307,0.0024203572205977824,0.9077311417637423,0.012941321650945659,0.05987591337608106,0.006050023390156187
27275276,0.000418498195467977,0.0006611274330594296,0.001084729863399223,0.00018556506875998488,0.0003097250450178569,0.8804950905596439,0.10142078001005325,0.010070391632196845,0.005354092192401548
27276721,0.000297507273424903,0.000741732731985834,0.0007732299128212108,0.000575383596386491,0.0005963994775779686,0.9595528012223267,0.01888076893007651,0.01386540742752822,0.004716769427872281
27277131,0.00017704696621975445,0.0022189609411255124,0.0007035698385492476,0.0010051029660468691,0.0011865687304101827,0.9479181116673667,0.0221557570145848,0.01321531779588363,0.011419564079813165
27277206,0.00025535855959302314,0.001702354199158286,0.0014646616370010187,0.0010191831759816786,0.0007419648491914295,0.9117532070804819,0.04057702554356202,0.02428182345799984,0.01820442149703075
27277456,0.0007913986084387884,0.0017681196221383812,0.00499966955280609,0.0011478083776214438,0.0005801391082538583,0.8627470205325688,0.02753286554384077,0.06650157832727613,0.033931400327055904
27277630,0.0026296106658694352,0.0018089072242130323,0.01986768194216842,0.003248824892040892,0.0016522729895125123,0.3034062168871747,0.007945811617765931,0.6147210468122176,0.044719626969037536
27278335,0.003453743450644366,0.004350907907787854,0.0028260898146056142,0.005081806973695562,0.01533663731657994,0.8627686017446027,0.0019640382543447184,0.06298650180907242,0.04123167272866683
27278352,0.0021103145844859348,0.009505625553490814,0.008569548330019376,0.016273786643957757,0.09847410089572621,0.5504234645923142,0.0015671528097639532,0.22177296986686798,0.09130303672337386
27278359,0.0011076540358529287,0.008456697883135602,0.005723600070295813,0.01041490111396643,0.008485145607394247,0.797093040613027,0.00211869574414692,0.02771275429092203,0.1388875106412591
27278399,0.046644525737332326,0.004861964053314064,0.0025229350493216904,0.003768902818657535,0.031362069691105124,0.6490132728875001,0.034273176486093196,0.02871806244599809,0.19883509083067794
27278418,0.0009311187994926327,0.005108542276811157,0.009589245772901378,0.0086171895302143,0.003107952106540314,0.34523295124759434,0.0016817254803778252,0.030817124258237117,0.594914150527831
27279366,0.0020303122229228423,0.002713763299395154,0.031433758584572286,0.008270252635657595,0.002584620334017772,0.3426248352166275,0.0021357825078951904,0.019075007911800723,0.5891316672871107
27279382,0.0005134960276594525,0.0038929110029580338,0.022107076186003844,0.0009582825101962694,0.001142137502799006,0.46916900516271753,0.016804085426047357,0.021105383557608156,0.4643076226240104
27279447,0.0009983251912303937,0.002728132825055613,0.03109790758978897,0.007052782868665176,0.0031151555331573773,0.047577845324949124,0.0018158308152101022,0.012693960263709596,0.8929200595882338
27279469,0.008061094217556375,0.0155432068484091,0.03533952287929914,0.4239268211996862,0.06086357157304948,0.03394606589587487,0.002328089881005984,0.03496764289767877,0.3850239846074399
27279509,0.0018941259399677345,0.009668507455874185,0.02943928631243984,0.03575495947326647,0.012087868763647718,0.08291682914215963,0.001740957590895741,0.03146823230180417,0.7950292330199444
27279610,0.0010135729803044875,0.0029384157558687484,0.031921857171668434,0.01608239586252793,0.004614891604912533,0.1409760321623264,0.0030059766938333333,0.1692982207240974,0.6301486370444608
27281508,0.00025987166114249763,0.006700263675889993,0.0005643356408595436,0.000552718375317643,0.00820808493322872,0.9474976497983739,0.022217130549003133,0.01128695973130321,0.0027129856348811687
27282434,0.004533755857008246,0.0018749236324601924,0.006264225551102456,0.0019360042869255296,0.0006743425286287842,0.2734658440007007,0.08169551362607709,0.03823088030623154,0.5913245102108654
27282901,0.0028322339544431183,0.056577922865562444,0.007677491466018987,0.24420311149293658,0.24199444636401735,0.018490941943828474,0.0013929367501984019,0.02261252321325397,0.40421839194974074
27282995,0.002042172761783742,0.060155748253883395,0.016731539549797135,0.16315073377034578,0.16550258004580468,0.06280550482572751,0.002226018665876659,0.03844926478272048,0.4889364373440606
27283125,0.001706596736346898,0.002606222185341084,0.0012942087332151748,0.0005648221085567677,0.001596576533729173,0.9031490764105815,0.04875837813279505,0.03074236408809143,0.009581755071343
27283358,0.003559396514948269,0.03328596859069704,0.01859403269348436,0.120353511231962,0.2628634829988044,0.1021514989877458,0.0019442431495625251,0.34472657440974847,0.11252129142304725
27283987,0.0008029004656997028,0.005447258879065538,0.0011198767851847155,0.0021433753783107086,0.0054872837615398806,0.9300858002003567,0.007700163457826879,0.03602067756438816,0.01119266350762776
27284562,0.007120046560609363,0.0010155199970865118,0.0009070880562268091,0.0006899412201401883,0.0009384009427979354,0.7032553089115356,0.26292380416407546,0.017329591087234895,0.005820299060293233
27285077,0.0015521256843012477,0.0008163538948054849,0.0013217619775281273,0.00034420241962663796,0.00043407948861711186,0.667748831255593,0.3073089723140184,0.012655554790402755,0.007818118175107386
27285996,0.0005289101050362444,0.009433201932763622,0.0015847428343086743,0.0025806306022713027,0.004010294686266082,0.9078086337153864,0.022434703001761744,0.011265758942071233,0.040353124180134516
27286316,0.01218551381913695,0.00421480604604445,0.0023798299844157936,0.0009952047670142145,0.012642331149362886,0.9233012860631109,0.00544547587061544,0.03427660660988904,0.004558945690410406
27286859,0.0012457913109392147,0.003491661098723718,0.00806827587692875,0.0015871959010787262,0.0008492451983860005,0.7299475742042916,0.04541659461330387,0.0468452069441668,0.16254845485218145
27287341,0.00047880392472993155,0.0013573211780293823,0.0010618513467173642,0.00047416738429616076,0.0004407765732565082,0.745583434228505,0.23962662912807292,0.004314724105493177,0.006662292130899615
27288515,0.0007686766187051949,0.004265456470367485,0.0007945934709816727,0.00024400490227054902,0.0034772933438480774,0.9481181780122857,0.03687434182955236,0.0017088147500082228,0.0037486406019807596
27288757,0.004753932461410993,0.0012755533401861553,0.00205100356704198,0.0005414366429907257,0.00046114370309153054,0.7475959739943083,0.22956525724980964,0.004179408152762569,0.009576290888398014
27288952,0.0008899980548543174,0.036911563705678385,0.00406014984533717,0.0053853087722085125,0.0981315407096049,0.5052124776607808,0.001772993016025993,0.06036163777270302,0.28727433046280687
27288975,0.0006994366115227324,0.03381229518864744,0.0030559652427650753,0.0036354874321583197,0.025116374938624033,0.7174941301876946,0.0018763584188008057,0.029181456860635883,0.18512849511915105
27288980,0.0008149297052652167,0.08094743995746091,0.005899431135137469,0.009558606855615787,0.13010292269173265,0.12329683409363087,0.00233897144187682,0.04933589286175212,0.5977049712575282
27290039,0.00015044183455735385,0.0006504262883412414,0.00039839911121252646,0.00018920390701523067,0.0005952706300959808,0.9397350932575931,0.04375980045981173,0.00835398183997117,0.006167382671401772
27290905,0.000237889899304697,0.0015684727827998514,0.0006423277575588783,0.0005182314138652739,0.0008963098717164841,0.939247493664328,0.045224303034292083,0.008233749222652307,0.0034312223534824176
27290998,0.0026187114006282273,0.0051760128189063635,0.004170051486042934,0.002271830947124713,0.02606714434972885,0.8390835435525461,0.0013415940817257817,0.11409641700181866,0.005174694361478385
27290999,0.0012973061980635098,0.003929268143366632,0.008287552466500533,0.0038892834182885027,0.006162164061791568,0.8608717837160297,0.0014298271488610936,0.10110575399945658,0.013027060847641925
27291005,0.0003427146754662843,0.0010713280494623527,0.0008489924490303076,0.0003564412475078219,0.0005049782538586295,0.976045375484791,0.0020103549195945227,0.011649322177882995,0.007170492742406182
27291012,0.002018591695265011,0.04679623791012612,0.005007832272376486,0.0036423142907164494,0.07785868325344568,0.7118123520035167,0.0014769734878030303,0.14437553038343315,0.007011484703317281
27291083,0.00018785624864001626,0.005138264496245257,0.0010986646404972345,0.0009608561449367025,0.0027247419841926893,0.9730115129767474,0.0017999090854816757,0.00963239679801965,0.005445797625239451
27291147,0.0009119779161915152,0.013980550296948427,0.0014291017967247408,0.0012489626637480304,0.023799799922034286,0.910342568909956,0.0011071473304785084,0.04305004623603917,0.004129844927879378
27291193,0.0004756600687555781,0.009166183728248095,0.0012214551309951101,0.0012710777732129152,0.006134686776716936,0.9278366213873791,0.0010783109625429627,0.04533089582935801,0.007485108342791243
27291241,0.003980986000088587,0.00229445506175088,0.007296088308233906,0.0026477219249024346,0.002512907528969714,0.7912777945368736,0.0013650576016671272,0.14424983192065124,0.04437515711686236
27294499,0.0008277546018816993,0.0027961949750580422,0.0018706762666501145,0.001707497632665236,0.0014179925280353397,0.7725186219648141,0.028335611159059183,0.019288432649887204,0.17123721822194912
27297944,0.0004199050441858371,0.006908202836559177,0.003932807847943129,0.0019406673043500483,0.0015146037338333146,0.8940611021531883,0.02698026550992894,0.008873978337773949,0.055368467232237296
27298029,0.0015159015201357464,0.0033076881911796446,0.003866938321726991,0.0023810713922289965,0.001339680816435069,0.8719584889243432,0.012153251330883087,0.03330002785670257,0.07017695164636456
27298207,0.001158314230065703,0.0002774826524728226,0.00045025555054451307,0.0001863119149374106,0.00014281827915631806,0.019869897097365776,0.9533227093751511,0.0028411458928906817,0.02175106500741572
27298831,0.0004350021821604474,0.01210654198657364,0.010695637050395322,0.0024955818643990994,0.001519900424059361,0.2476890028622555,0.01829587704916107,0.04253087648588213,0.6642315800951134
27301086,0.0005944196699620331,0.21525583736972081,0.006937351607652481,0.020198538664985104,0.1855208502690683,0.4579387320737675,0.004818727937349118,0.029325128887922634,0.07941041351957209
27301588,0.0010216893343365408,0.14971966302840023,0.019967713312513617,0.12528486070588027,0.5255962303176741,0.09795156032976994,0.003036558291251024,0.03408836446071147,0.043333360219462796
27303130,0.015129239809884664,0.003668197059257627,0.004962512326509296,0.006051712543354116,0.0013638829961813914,0.7256553217909184,0.09124860614041212,0.02712898548773767,0.12479154184574459
27303243,0.0028327854642810684,0.009013426800014709,0.004765446832990013,0.0027936015605927772,0.001324671837356576,0.1899294857241378,0.16156563451945047,0.02583213421315227,0.6019428130480244
27304639,0.0002597877740374725,0.0016469384168786103,0.000951281678821861,0.0009930670305436894,0.0014484432190381015,0.5490618106942987,0.4281217496303003,0.007688664405185875,0.009828257150895438
27310870,0.0021427354271742905,0.0005310666848759366,0.0006526176876007092,0.0002925791918248528,0.0002705395055877645,0.009371237931568006,0.2639552520657617,0.0025487154271313984,0.7202352560784753
27311386,0.0005408584442942835,0.007715792997444583,0.0016882271261213777,0.0007826285021136392,0.0023678206314790133,0.9309724060551035,0.03653029504895791,0.0036807109438653893,0.015721260250620414
27311627,0.0003820061985346813,0.018158765204796527,0.0019085361433719876,0.0007848218852395363,0.004713654394174617,0.8649482483211337,0.014244282578962143,0.032641983578283844,0.06221770169550298
27312527,0.0011596396750467696,0.010631486600530093,0.003193869428938528,0.0014772203391730707,0.004333750455024815,0.8331432474255017,0.027548713039392807,0.011200187133042116,0.10731188590335004
27314199,0.001352558741776688,0.005278235737588067,0.005629411369662335,0.0009971267252836713,0.004606537008195999,0.9107325336399238,0.03377080227495726,0.011686270726727514,0.025946523775884554
27315036,0.00024746033498340204,0.020489447738683823,0.0008997734628235472,0.0016254879219803754,0.008279135504756027,0.9427644302789338,0.00576420518639656,0.01247196468116775,0.0074580948902747985
27316574,0.0009200453377206098,0.010844996612941972,0.0026131277001767025,0.00230964900170981,0.005124344949767053,0.7408149340607254,0.007939080449132026,0.022883744283265957,0.20655007760456034
27317646,0.0021203413182498123,0.0038751268341119527,0.0030375047261574422,0.0028497501328926585,0.0010429797988062142,0.5818431930349816,0.14292623724313397,0.06793353726268529,0.19437132964898118
27319072,0.0008161843930306954,0.009459246398005553,0.004694083704039303,0.001604959996711996,0.009353512607015805,0.5366967762538788,0.019838475286581714,0.11209850607377048,0.3054382552869657
27319892,0.00047431912126264783,0.01645802177278916,0.0014380764253726528,0.000639706419689692,0.0070682187549684855,0.7058962190041073,0.10121507335120991,0.14697117585479394,0.019839189295806397
27320262,0.0015490498963116664,0.012069220081924658,0.018610302403780737,0.018752729024873828,0.009753886396583764,0.1314295937907277,0.016151500937909177,0.23966907886530708,0.5520146386025815
27321197,0.002314927850520876,0.0006480419213519188,0.0009416734540909539,0.0003551131612287608,0.00038863091968577437,0.061218223154429104,0.9219489317193418,0.002995713255697121,0.009188744563653721
27321202,0.0006466489423500209,0.031943786470695894,0.04019667296863333,0.009109543125708773,0.017683894354956063,0.11705365954559449,0.014103644299333156,0.01655187684873725,0.7527102734439911
27321241,0.0038277586046757176,0.003970318735033002,0.003943768556935006,0.0014555425914762055,0.002296001487088812,0.29764178398644064,0.12135544765235365,0.5447739323495813,0.02073544603641578
27321582,0.004229622518036834,0.0017998996431999022,0.004641074625955164,0.003068241722008606,0.0008712752394007858,0.08016581989593312,0.06029238628137032,0.07686474799146416,0.768066932082631
27321885,0.0007986964407379131,0.005463073179825406,0.41828441094245955,0.3831991690883227,0.0075284667149337625,0.03147984184426713,0.012457634516360708,0.02870155632187164,0.11208715095122126
27322213,0.0003276472756032756,0.010076169008854849,0.0021547183874436517,0.0005705338634617407,0.0028912148531486203,0.8740732732396798,0.02223390000698647,0.05091842255665406,0.03675412080816762
27322239,0.000710665198487315,0.005004002837166162,0.0049256459017879275,0.0034629546153723944,0.004282648030869857,0.10942148343306016,0.0014178752936866194,0.07556653574845375,0.7952081889411159
27322774,0.0006034122734285421,0.014677874959511044,0.007831880529185516,0.003935828621831196,0.011074018951006077,0.8797267423222567,0.012165527902922328,0.031232854803947305,0.03875185963591133
27323256,0.0010303443871836372,0.0016624355331507227,0.07304569135243287,0.011605315986084337,0.0017518920498638005,0.7999021426047459,0.010936459144473335,0.07202536493490595,0.028040354007159474
27323692,0.0004883326061047127,0.06648012989949072,0.0026992676376868443,0.0011924688670677446,0.02946901765904773,0.8752832098627357,0.007654105015029232,0.007054516294135398,0.009678952158701945
27325257,0.7787558217421124,0.048585985141583514,0.004353058410560012,0.0058315219807671915,0.08763367366925388,0.014965636782957122,0.004138650380020316,0.011673003576438084,0.04406264831630739
27326782,0.002896356432134863,0.006238465711658363,0.03501353430280779,0.061569752892593727,0.09815850327509164,0.003966254938967148,0.0007589849454647223,0.011819605428301428,0.7795785420729805
27326804,0.0019145048341525314,0.005466980162759899,0.02936185716587843,0.07190790302573492,0.03453283538197076,0.002753028564498538,0.000723097274615422,0.011858380985852129,0.8414814126045373
27326842,0.00455131421519498,0.018091796730638363,0.028541696275984203,0.30764848335002265,0.4927590643762651,0.004195090774334276,0.0025679443639146263,0.015041898927255439,0.12660271098639025
27327185,0.0014715205901155548,0.04047912638061638,0.012353668846269853,0.49010485765331474,0.09967784207854023,0.005573084673406417,0.0014441880089362596,0.011419566994024773,0.3374761447747758
27327671,0.00011814728317858027,0.0004655610813288661,0.00021991483505893228,0.0001250140787796265,0.0003242107984370449,0.9844009114422404,0.00956839324835008,0.0030433200830911034,0.001734527149535473
27327877,0.0013428582356537126,0.015532636423888631,0.02378565283908566,0.05266919485349489,0.004634756012110694,0.6085359398972974,0.0036597655108813495,0.18486656606544577,0.10497263016214191
27328781,0.0006797215299899905,0.0004029605069557836,0.0006151901792770602,0.0002018917407469661,0.0001845294548108527,0.023163507777311618,0.9593441321401641,0.003256414864812414,0.012151651805931198
27329054,0.00046407726129587277,0.008264663800225598,0.10274988960267806,0.00615902429101545,0.003524854160791384,0.018856046909509955,0.004041043560765791,0.49378028470547003,0.36216011570824785
27329113,0.005498544824309431,0.0009309448009072967,0.0009682229921025889,0.0008415859436776263,0.0009604410346404664,0.32271545018871267,0.652420982096987,0.012432723350321284,0.003231104768341571
27329179,0.0006922278539759258,0.005649819086826308,0.005948976736867805,0.0007166784763858215,0.0012417044326405336,0.7222689890071515,0.02696188654604083,0.05434427363439433,0.18217544422571694
27330098,0.0003548037702921693,0.0008531004236445697,0.0013908304260347184,0.0004196438050574068,0.0005460175792292208,0.5936701220890839,0.3592788263024277,0.008861084498895326,0.03462557110533512
27330398,0.0008856958327577522,0.002396476770818506,0.0024333086260847326,0.0008659358716306857,0.001909195036672807,0.9658756243129648,0.005669908075750505,0.00963561567707107,0.010328239796249025
27330675,0.0017671954605157328,0.0008561282751975261,0.00119360669773792,0.0003392224206220337,0.0007079361417859002,0.9793417298150138,0.0038705617198463616,0.006461878947264866,0.005461740522015893
27330798,0.0006917839487727162,0.002018011566601655,0.004523546522582661,0.0009016830180687547,0.0011250363985468618,0.9380332214060498,0.003296938473831318,0.018303967299770317,0.031105811365775823
27330903,0.0035103603759853376,0.0059645573808558535,0.0016339642800513416,0.0023170670263635298,0.04891525374146596,0.9049988444517474,0.006663182191793685,0.01976808448553453,0.006228686066202344
27330971,0.0003544577213223507,0.0012130588364601905,0.0006313108157582135,0.0011436207819853787,0.0023410767104656074,0.9727605388737116,0.007554067533120691,0.009001956736962127,0.004999911990213856
27331136,0.00043821913841522123,0.001732145419571848,0.0005340921758038833,0.0011943628799255545,0.002310615636713664,0.9684609333794898,0.00361334982618386,0.010769694897675042,0.010946586646221173
27331288,0.00035798212269200983,0.0017477768957376402,0.0015622730717645412,0.0006949279732171574,0.0008449492610999626,0.879074916660902,0.07627538102277515,0.019225879943625363,0.02021591304818624
27331368,0.007545592814173391,0.001546210012215045,0.0009182324124850558,0.001062065370572181,0.0010011124525070823,0.9471024139008756,0.01573998298699804,0.014839495092579442,0.010244894957594022
27331597,0.0008437163117765608,0.0017570613265445313,0.0061801996166218395,0.0008588673372066134,0.0006227054909708913,0.7452647621022634,0.007088092887931654,0.056144176917610894,0.18124041800907356
27331897,0.0005134432687969638,0.002208348563526896,0.001774581123615532,0.0010062573753175782,0.0022759528590059882,0.8970319705892024,0.035510852762932144,0.02898058041473145,0.030698013042871158
27331898,0.00031359129916529063,0.004761144025126822,0.0012904492434539054,0.0007445579497869358,0.002011035249470829,0.9067446719715374,0.04041506912516193,0.03570108533064874,0.008018395805648143
27331924,0.0006808098007561551,0.08342441608397848,0.0029727053549900156,0.03290444197871308,0.7136112386974683,0.004784100173886128,0.0007059572306840848,0.15810265380209632,0.002813676877427479
27331936,0.0011389154939250854,0.0005378080081677697,0.000738161060892167,0.0001928205616013961,0.0002922528015913232,0.8398813840552513,0.11736503002361412,0.023474480808157103,0.016379147186799975
27332145,0.0002707166006726831,0.0017384404194156927,0.0007617519447719512,0.0005277756468445398,0.0011483687273916789,0.8846474204220663,0.08758919926851672,0.015555711125474136,0.007760615844846269
27332389,0.000957208766178727,0.0024567722419615036,0.0009869022300909751,0.0007704272132267185,0.002519671942279384,0.5225836841939976,0.42178460555096453,0.037092458355180664,0.01084826950612
27332497,0.001369741030060808,0.0018715869022367588,0.00738439673496191,0.0007972174439341397,0.0012467059548462004,0.7425261365823403,0.016730210941353737,0.05177136883752943,0.17630263557273668
27332504,0.00045367604041158453,0.00247043996888455,0.0023034358178502163,0.001630028870274162,0.0016391077159109329,0.8898719584383319,0.013032970141545858,0.037819803623762235,0.050778579383028544
27332769,0.006556406536612786,0.003743785618905883,0.2129919671717787,0.00944351734495122,0.03667613888545838,0.2535317305647056,0.01700201902437509,0.4246303569723131,0.0354240778808991
27332988,0.007012390458109097,0.008275802510824132,0.017524971875772705,0.0071132942830831524,0.012492046934016133,0.49313586341003407,0.024441259853873566,0.38159098761696597,0.04841338305732122
27333044,0.00048588401119931146,0.028122159727179862,0.0023507871536478523,0.0022193901247726,0.020108606041201533,0.4014316762194042,0.01728322922382934,0.5170321425757408,0.01096612492302446
27333961,0.00013399906707906863,0.0011900954831534666,0.0005393829377250929,0.0002955395163557391,0.0009824009187970823,0.9686154052016255,0.012069855065334976,0.012165060544361839,0.004008261265567256
27334642,0.0004119091217832454,0.0005068261002303209,0.0006341435242259611,0.0003933474774860274,0.0002573720207576599,0.65067832976943,0.3210465734616796,0.006032220113871077,0.020039278410536224
27335022,0.0028981359298878803,0.059953422897544566,0.013869699332468434,0.4690739794430928,0.10386087212053759,0.012840948466146434,0.002994953416950151,0.12215507186204887,0.21235291653132307
27335499,0.0003006742750058342,0.0019887104141835853,0.0003246084735934008,0.00041430626329903256,0.0019498322800824356,0.9837614964252133,0.002672765534970635,0.006434967606417411,0.0021526387272344967
27335500,0.00021146040117803658,0.0029271530871854963,0.0006311174309562366,0.000323473111590499,0.0015825448204202126,0.9769443149776053,0.006368093799256642,0.007218076393599839,0.0037937659782078027
27335920,0.0004124966481268447,0.0017200631466355103,0.0011039877178179952,0.0005634797671150337,0.000869950587770568,0.9263378432245315,0.03750424160543199,0.010677851896619324,0.020810085405951237
27335937,0.0004537293559935776,0.0007776740318785271,0.0015839738457049178,0.0005188402596927419,0.0005082747161183125,0.9264724473721935,0.028268963456178752,0.016657066485080568,0.024759030477159064
27335972,0.0013077259048342362,0.0013803590407449869,0.0010357498161476947,0.0009737667418307228,0.000692200940780625,0.9158690913157864,0.04344209831414945,0.01659137195018996,0.018707635975535878
27335985,0.0010671110221265332,0.0008120635245526333,0.0016374287867003442,0.00042764226458991687,0.00025235960948694395,0.8992359476224935,0.01757684068930001,0.013103586374225937,0.06588702010652404
27336264,0.00041806749212409765,0.007646316883800583,0.001436111828266115,0.0022737661127203764,0.003212952918785687,0.9386409432021865,0.013829701745197941,0.011529304398019111,0.021012835418899617
27336301,0.0005733180822830024,0.0176062385294461,0.0014225583312369042,0.0023694762155011925,0.5319549132662399,0.002174675840969039,0.00044922997557092585,0.43403736464129694,0.009412225117456029
27336331,0.002703472123494159,0.023717778931801783,0.0051791225992460855,0.005342422547090926,0.3531296781382191,0.0058138775995482655,0.000942894106323525,0.5506958990164275,0.052474854937848786
27336345,0.0003478058486348859,0.000489486681984367,0.0020597972701158415,0.0002989374177377353,0.00019093102536163795,0.8729008015790893,0.08548557772615735,0.003960696850589065,0.034265965600329844
27336370,0.0011094785955614488,0.008575500147722308,0.013605986713103231,0.0015739449332358986,0.0009743185449752549,0.6916307078701762,0.00507241225321256,0.05676254511874189,0.2206951058232712
27336506,0.0016662924583470207,0.001341697127519063,0.004861089159867211,0.0008041487290488489,0.0005529759083655657,0.6082156022084835,0.3186723016553239,0.0501665124582598,0.013719380294785036
27336625,0.000687153659117239,0.0036021257307473015,0.060534971814002296,0.003355536224368275,0.0018522752495121581,0.5681705545774485,0.046123147376203766,0.028589423990582265,0.2870848113780182
27336709,0.00028169801661169334,0.01573546676690007,0.001302328336396661,0.0005612397429493011,0.004668257983203428,0.9532771863059244,0.010700563265832259,0.005166876931237465,0.0083063826509447
27336822,0.0009792417131035617,0.003892593204729641,0.0015010353363184288,0.0023224758499178146,0.32030904672814825,0.001237063079125059,0.0003759802595731387,0.6637831193164021,0.005599444512682116
27336898,0.0017400234445365793,0.00046394746133088065,0.0011673589622913,0.00035899624800742573,0.00029474992875636264,0.08832594205179142,0.8830917124787283,0.017809719500008963,0.006747549924548715
27337000,0.0006541572922839024,0.008277329438856914,0.0010498646926270022,0.003120749244576798,0.774687139092073,0.002005674988207714,0.00048020366585761314,0.20592801833106034,0.0037968632544566026
27337095,0.00023150737866293019,0.06634859353735655,0.0028095220763020307,0.0023583620434830216,0.012205233662279316,0.8665438239029728,0.007029594500394508,0.009698290275685573,0.032775072622863326
27337441,0.0004887164707848633,0.004378941121008972,0.0008804212293615463,0.00037323731164012034,0.0019901002147868,0.9429817837007979,0.004750621906150857,0.01771013771857167,0.02644604032689728
27338015,0.67930218252508,0.007572309413094812,0.0013160819257390616,0.0011912615489156559,0.003917050443927367,0.26382482133185925,0.014997600553897877,0.011396050723440118,0.016482641534045803
27338261,0.0009488122087385075,0.001280545312682682,0.0006034835977998436,0.0011906741485975478,0.0011767631566530425,0.9328852128391529,0.026671662734463124,0.015287028286104645,0.019955817715807556
27338374,0.0028818710159129166,0.00031742520801205504,0.0008160219020146264,0.00023395648655312934,0.00014272823333710903,0.00626917496465203,0.9735964021805216,0.005547906572641817,0.010194513436354894
27338487,0.00021941359955741986,0.005858441868933139,0.00036740666532641785,0.00038206268730438107,0.0036834908824715787,0.9625007167815324,0.020134205988306633,0.005001341384686903,0.0018529201418812213
27338573,0.002154268150277677,0.0009628787566960516,0.000826678147967984,0.00046668527618044087,0.00047607429739300963,0.9517878007786474,0.016254449408860026,0.015062755657925905,0.012008409526051405
27338627,0.001383136111490414,0.0011216542544039614,0.000976790563027951,0.0005472273229038988,0.0008691700000323008,0.930031125801169,0.03441883832345055,0.020091596405322716,0.010560461218199141
27338828,0.003106765180341946,0.00122747943078392,0.007644859141043443,0.0011124847600936284,0.0004997375400046149,0.02105045875327126,0.8275954360255893,0.05354758972472516,0.08421518944414677
27338955,0.00019149117712325,0.0008691739240636293,0.0005952420456418997,0.00041643616448320804,0.00045545913785659123,0.948186224363734,0.033458304487791586,0.007508902034851942,0.008318766664453857
27339257,0.000839877399594588,0.00024512880144098086,0.00026927378289039563,0.00013436147870908368,0.00013137469391051127,0.004057815409124143,0.9785084176863975,0.0015751795427718278,0.014238571205160972
27339480,0.0005713671156235852,0.0033727985790902443,0.004286184880616296,0.0006124988020271345,0.001097092421604933,0.8965124139024757,0.06696222691833968,0.013718219599954142,0.012867197780268307
27339989,0.0011615872227501223,0.0008647665951033115,0.002255298630624255,0.000544442546532927,0.00037462367324889753,0.03882017128337971,0.8496509452786745,0.014117422403603993,0.0922107423660823
27340997,0.0002981960838933859,0.002876027155375029,0.0013525434505083148,0.0005564398083400935,0.000624302810035409,0.8902996891777553,0.08990640738392403,0.00789551455206123,0.006190879578107077
27341248,0.000608469085355059,0.0018273902756266148,0.0027306626930773273,0.0006960765301014171,0.0005284123138703862,0.5275642500429188,0.16271152404985187,0.008878765604531505,0.29445444940466714
27341296,0.0009852351068900989,0.013420648213121056,0.00076658193698494,0.0011822488631571502,0.02818894398929028,0.7112933929624545,0.22205205877043782,0.016877941933828314,0.005232948223835702
27341878,0.0014233037383175643,0.011834644020424757,0.014697759594940992,0.09744214794222936,0.8048842796308391,0.014856852418608495,0.0009502194056509185,0.046845907603938086,0.0070648856450507705
27342302,0.00017101800278421984,0.0013450327533001275,0.0006663364705173719,0.00045653579855806304,0.000472471806694415,0.8808880194502303,0.09962087233445982,0.006026669836604104,0.010353043546851515
27342483,0.00030985593434593335,0.0015854486483114002,0.0014343043048747537,0.0003954278483749436,0.000521502406166492,0.5034818793116694,0.4685701835257671,0.008502237318872508,0.015199160701617387
27342678,0.0006494731696605577,0.0015918020429142685,0.0010795863887924217,0.0006728245660373826,0.000726251032096377,0.9151562357844615,0.0463759140660164,0.018850733074617473,0.014897179875403701
27342880,0.00023943038721923942,0.0027096610463031735,0.0004674620222468179,0.0003315106305197693,0.0018471966171069918,0.9473305158677165,0.03123342121233634,0.010290728504654144,0.005550073711896981
27342921,0.0003958153493342123,0.0029855694502706857,0.0012229731458296685,0.0003354547249668396,0.000337495800711745,0.0838101959605069,0.03991307080141453,0.002463524435848058,0.8685359003311174
27343006,0.00022477647460174177,0.002922140072963878,0.0004822124095924709,0.00037410960326043566,0.0027369391731055224,0.9472380175862377,0.03233059068005564,0.010151965526614957,0.003539248473567826
27343023,0.0008215760452624096,0.0036730709042179063,0.007564076353219729,0.0017695989382433281,0.0006027203746510812,0.8531954837893264,0.024252818164528952,0.011023158627021818,0.09709749680352829
27343037,0.0001656775699951889,0.0015015046032178015,0.0003160456795755029,0.00022934078558796599,0.0011397411088108918,0.9685182322780317,0.016968575781505155,0.008491474695636532,0.0026694074976393793
27343163,0.00017475857669045977,0.000549815457449363,0.0004603323950759251,0.00024596402253235705,0.000315435608425896,0.9442115830350511,0.0394853330409684,0.0049479710867862715,0.009608806777020088
27343271,0.0001846511811190334,0.03748973823258005,0.0029999869729962483,0.0019425128565168288,0.0017836266842131254,0.893218734447361,0.0108482115062842,0.00609803364321325,0.04543450447571625
27343273,0.0006213896125755599,0.0012378063842721622,0.0010623596990639859,0.0012414112026342364,0.000982285666381433,0.9449282033893496,0.009869796851921913,0.025531685691895952,0.014525061501905197
27343350,0.00021155229279006264,0.01922699601421822,0.001265448260299729,0.002157065183177817,0.003942539029146793,0.902325193257671,0.004255479043749074,0.011814672243548468,0.054801054675398836
27343416,0.000310161761438389,0.0007352818482061585,0.0006432357938776694,0.0005359519116392208,0.0007184985382117007,0.9791878547218923,0.008996717457171155,0.005643769790198741,0.0032285281773646447
27343473,0.0009311415929639975,0.0002676934971610817,0.0003477540562577365,0.00017649053066618202,0.00013068040504721876,0.009210665012802207,0.9776126244231031,0.0018734474392264637,0.009449503042771925
27343813,0.0002919364564582114,0.013360297397548668,0.0023335940238731296,0.0015745999588414059,0.001256742143318719,0.864690162370108,0.01120203581309987,0.007895150464851383,0.09739548137190049
27344088,0.00034111514011055035,0.012810200456774678,0.00233173893882747,0.0013429798434865352,0.005722377695789841,0.911539310650546,0.01865268662448289,0.022939717215869824,0.02431987343411223
27344466,0.00012531686564947744,0.0011734012368000957,0.0003780333996435683,0.0004070983668309361,0.0005162845193297163,0.9625423556082869,0.024882993061979698,0.007043318499343868,0.002931198442135696
27344470,0.001675715221594,0.0017371602106875945,0.0015304289171253643,0.0008166902356444563,0.0011826361791251855,0.3518031280732514,0.6220252042847063,0.011111033265161604,0.008118003612703982
27344606,0.00019303360416922727,0.006375339908835779,0.0014464821054251072,0.0008191818446396765,0.0025634705456862353,0.9303881005801167,0.021715302700184357,0.020863855572811642,0.015635233138131126
27344607,0.0037351577621591095,0.008682079501878694,0.0015469696985251258,0.0013556579587281792,0.01362449874958409,0.9400097806692475,0.011105689972516668,0.009861952268758249,0.010078213418602504
27344727,9.446157690442216e-05,0.000496675268389727,0.0003515257879263743,0.00016813015994505227,0.0002688945895297236,0.9843024124341183,0.0037497914273911578,0.0037050289161683504,0.006863079839626943
27344831,0.00015836158396252296,0.003858761085171045,0.000675902946610023,0.0005917711924854708,0.001868235877716681,0.9580661916425297,0.015664924277905657,0.009099720404071043,0.01001613098954792
27344892,0.0013081016180459177,0.0446196981808669,0.022051864584824273,0.011944041858347468,0.3672135381862525,0.21013068701275028,0.004262390995313998,0.08110093613723485,0.25736874142636385
27344953,0.0005066130070727743,0.021184268327417398,0.0011156603875718543,0.0020389768215094656,0.005931340007359633,0.7047340221290004,0.012149358964630543,0.21108607991979614,0.04125368043564196
27345000,0.0009249652548905407,0.0010986313282081413,0.0008500147017462281,0.0004802811690850429,0.0005029867913658078,0.9565763442091906,0.008081527729265328,0.0056891198144749956,0.02579612900177339
27345126,0.002443758659644621,0.0010554704486193127,0.0021431692348069043,0.0008183743683383446,0.0011430514630432077,0.9589000065735757,0.0034482361059101968,0.015001650791415033,0.015046282354646884
27345197,0.0015608599459542292,0.002268488363338268,0.001172949091732334,0.0007978234744948258,0.0025133493587655804,0.9683979884336484,0.0018810404293876555,0.010470200853873223,0.010937300048805448
27345260,0.0004948784370411975,0.0004177057544055677,0.0004137843208003969,0.0007138620494357545,0.00042664425863370473,0.9743185441942804,0.0025744993963465667,0.006010691552235178,0.014629390036821247
27345358,0.00024236987551476562,0.06265155141320111,0.0008626543701031124,0.0015278868530049945,0.01955289074541468,0.8917760397479407,0.004884046727791915,0.008024915745880292,0.010477644521148426
27345381,0.00022818390708391977,0.018246815373006257,0.002687587265637422,0.0015307225585016262,0.0027347960191602886,0.8907521671875382,0.02020454667806483,0.017147943639000764,0.04646723737200653
27345424,0.0005102880172240636,0.1810885556600414,0.0030898477538308226,0.0027604016925763804,0.07308663824607194,0.6480027105506214,0.008768829070420323,0.06004392104912442,0.02264880796008928
27345483,0.0006615225686712478,0.0009313105064154838,0.0011553688904159197,0.0004283841653008387,0.0007286537926334419,0.9665118268264864,0.0016329152994824564,0.010976180422638846,0.01697383752795542
27345484,0.00020668990958182983,0.009230073186461402,0.002674149216877815,0.0010950429257460148,0.0022703457314471494,0.9076288411761311,0.02670573414810216,0.01155401995958405,0.038635103746068454
27345491,0.00043549829379874015,0.06324539430561991,0.0013325472209190943,0.0019329135197860288,0.011979763298928733,0.5056715474476177,0.005866056381759389,0.39987476967361174,0.009661509857958786
27345640,0.0004176327320402831,0.00173936453823799,0.0005680779520727279,0.00099637348542547,0.0025034863225359147,0.9774439541018793,0.003369983014609363,0.007112279720093254,0.005848848133105716
27345805,0.0006487396425709542,0.004863962960651272,0.010370362673405768,0.002325716936616091,0.002784692855444177,0.8948061105093255,0.02199108313564382,0.02164401396493484,0.04056531732140762
27345892,0.0005478933975381342,0.005761899047694879,0.01005599146658776,0.0013226661883425017,0.0021845070199027505,0.8636901972838824,0.019723967157006358,0.02411402161953014,0.0725988568195151
27345998,0.0002561162793991484,0.0006013687309304539,0.0006844533734698492,0.00039520056432089596,0.00033006594555983355,0.91517538778502,0.056104464206864844,0.014233385064785442,0.012219558049649653
27346019,0.0004076669957314063,0.0008333389437468726,0.0006143855543753043,0.00021215685806217065,0.00036614775005794993,0.9523065801820819,0.03250038371225531,0.005884785989733026,0.006874554013956026
27346052,0.0003405631148184177,0.007544404871580936,0.0016464558752234308,0.0006008939955765007,0.0025054040257079294,0.9251035208010067,0.014871670553414144,0.026250157204011536,0.021136929558660342
27346053,0.0003572605305010344,0.0317625285371076,0.002600058766172134,0.0011766931117069585,0.01044363940500324,0.9093646326609106,0.011205288721583157,0.012856824471902012,0.0202330737951131
27346187,0.0016290458347439725,0.013234283714072665,0.004913157206009308,0.0013594234439591587,0.011983394664662894,0.905368181109148,0.02730720328032515,0.010950050090559297,0.023255260656519606
27346254,0.00014435622465814126,0.0004240799328023109,0.00023291415765183863,0.00020303280177677213,0.0003485130119557811,0.9734543138296144,0.015704657415949824,0.005927195001233316,0.00356093762435761
27346306,0.001070764015354733,0.0016899145771382903,0.002611797906582128,0.00043223522738444016,0.0006250417928799012,0.6482264244144016,0.3262945103129546,0.004885871950754873,0.014163439802549584
27346333,0.00033928950430958893,0.0022302316932780574,0.0005430827633069918,0.0007628695814116891,0.0018992297310482876,0.9577307561002042,0.012284845106321189,0.01778938036292898,0.0064203151571910946
27346722,0.00010764966509048403,0.0010285654435744239,0.0004433236257068573,0.0005498658986844056,0.0006138660173058826,0.9701770121142539,0.01376504715919236,0.00725890673163937,0.00605576334455239
27346845,0.00016341274037318728,0.0008005797312014165,0.0005836431126490485,0.00020278943760723003,0.0003847560274507481,0.9300450737698289,0.05452822735150521,0.006487963034599729,0.006803554794784549
27346846,0.0008891598290134699,0.0005725740578448016,0.0013747501375642867,0.00034917395613329893,0.0003005675451681228,0.10825045387692894,0.8713747934836731,0.01064174403824832,0.006246783075425679
27346966,0.03191124214451814,0.022466874747634737,0.014162854192409598,0.07487165930074978,0.005485011678648565,0.10195095482112781,0.0016339104945539357,0.029834299840485103,0.7176831927798724
27346970,0.00020080258440377673,0.0004757037952277883,0.0011751652715267509,0.0003309080326415027,0.000229516112364026,0.9389835431627059,0.031098939686689933,0.0031494760300119075,0.024355945324428408
27347343,0.000454887109791371,0.02254605970283254,0.2715313449033382,0.02051176690299062,0.00434695123175599,0.06214534510516473,0.005076856591481673,0.20475742710099581,0.408629361351649
27347412,0.0008750889628139152,0.0038467782402745168,0.004312153573330412,0.0011581656330904523,0.0008064145780133103,0.14780763173916114,0.7371945335601814,0.0080376078511753,0.0959616258619596
27347654,0.00020391383853024078,0.000946209066827041,0.0009080025240896335,0.0003277021522791024,0.0005553774802147175,0.8498870160078827,0.10819459688068024,0.007153547666540805,0.03182363438295542
27347921,0.00038374998388028623,0.004278393753463063,0.0019605387656781094,0.0005504515207590958,0.0005017518995595748,0.7743113762929006,0.05347324603355259,0.0041512672686121145,0.16038922448159462
27347964,0.0011185372170531462,0.0009386442399551922,0.0009199959603783416,0.0006102613464565846,0.0005837705948024863,0.8986691216049716,0.06999825711222744,0.01417678133758051,0.012984630586574508
27347976,0.0004846505798250611,0.0005395034605354441,0.0007447108117389618,0.0003392171741528334,0.000253762731418028,0.8536706936047245,0.0702526497372896,0.005019263559967919,0.06869554834034766
27348006,0.0007443090152345264,0.0013037986141490538,0.001393610533828816,0.0009698368787526175,0.0007275867127050826,0.8621733572493834,0.05760225665450358,0.023876380838606305,0.05120886350283671
27348356,0.0007420143384367049,0.006894991239908333,0.008633477695708627,0.0016109815847711606,0.003012811273363378,0.7909746566540546,0.01569076504285907,0.11199228812884338,0.060448014042054625
27348373,0.0004983716982804364,0.0014608634037413125,0.0005869158301895129,0.0012601551440091447,0.0009412040185483191,0.9503890189758705,0.015036130903983319,0.016823859402880375,0.013003480622497177
27348398,0.0006529008984101121,0.00047720144266118463,0.0006553544355714472,0.00026753061799917536,0.0002350178674826797,0.8548301226204772,0.1074542075261784,0.006057303648388296,0.029370360942831426
27348459,0.0007274326253652326,0.001366600287406746,0.001231987373187154,0.0016846986175046248,0.0018611151136215367,0.9134764080100648,0.026195083472827074,0.031137913518625993,0.022318760981396863
27348597,0.0003677721538462462,0.017674308110654853,0.0023953424179064798,0.0013125264389611893,0.008577172914648068,0.8462025023704449,0.015538073367593901,0.0765476992851518,0.031384602940792594
27348656,0.000599927829077157,0.0007250609023834488,0.000753006962535082,0.0006132198430445221,0.0003608728960748047,0.9558833659034721,0.014560407218311656,0.007047033645693433,0.019457104799407796
27348664,0.00018072726162612646,0.0005889282989727055,0.000577551362311767,0.000209099650901744,0.0004407976025340494,0.9082142058782102,0.07184943788471172,0.004888070415861458,0.013051181644870284
27348803,0.00021910857660580523,0.00047624660846868775,0.0007469217797723809,0.0003090755051077128,0.00022529583941294234,0.9152391230480559,0.0652735627066105,0.004634483405108428,0.01287618253085752
27349041,0.0004083683107411367,0.009291813850170399,0.0030970170591533216,0.0005419157045286969,0.003525082242447008,0.779236277172045,0.02474431619696951,0.1197739429569247,0.05938126650702023
27349119,0.00014064919628974866,0.003831794702748394,0.0010908740642005044,0.0005296066364327198,0.0006706583640197363,0.8382331192059939,0.12599679621821214,0.00510499666747693,0.024401504944626146
27349303,0.00020759321830886264,0.001460447791843481,0.0015961648399834898,0.0005291049613469564,0.0003997436137921369,0.9485392254587164,0.019074314219418183,0.005811886992471692,0.022381518904118852
27349693,0.0009252389399865512,0.0041813301647017805,0.0016420754746837732,0.0019477549506102569,0.0010476693229544108,0.8991457711670996,0.03652535975855703,0.018467962240217708,0.03611683798118887
27349793,0.0002180420489773889,0.005926508679342536,0.002342033487192533,0.0006872553064449871,0.0007390142595099575,0.792175021534492,0.033078519370471786,0.0040700700744851805,0.16076353523908365
27350040,0.0001297995237022527,0.006364165255601012,0.0006608937554829266,0.0008213774994640929,0.0013431704059063219,0.9572385848084333,0.010026266738579228,0.004490336289874922,0.018925405722955913
27350057,9.02697263845017e-05,0.00048169196993328356,0.0003785254866842317,0.00030294675392459654,0.0004302715461962382,0.9805275038128515,0.007234178617959101,0.005631435743069698,0.004923176342996937
27350203,0.0008445074773336721,0.0009236977859969689,0.0013298308874628221,0.00048769716971795295,0.00033763794515685876,0.866681928759402,0.07177808378504917,0.00931476334736576,0.04830185284251478
27350557,0.0001470511218283922,0.005917735434410351,0.0007425453808967887,0.0009772922617894413,0.0011266804636874783,0.9284297002228826,0.04662291216273305,0.004748716043226981,0.011287366908544913
27350594,0.000537526546859167,0.014610825729137088,0.017861119970651734,0.0018071877242345693,0.014943861645359451,0.7562892239486323,0.015798561958481054,0.11271523904388411,0.06543645343276054
27350743,0.012792331176824618,0.011735675403960455,0.005846505903529688,0.03472186052900655,0.7116055656625575,0.007276921524543869,0.001140723702792794,0.18390812757760383,0.030972288519180845
27350755,0.00021868484305444794,0.002898030095291762,0.001091289339865305,0.0009089236380404822,0.0011111852943248715,0.9080126257188624,0.06573987581640167,0.013709236186872965,0.006310149067286154
27350758,0.044800154372351596,0.04762341434871591,0.0153330895508407,0.04505495211909251,0.5537405664550242,0.026357634523965306,0.002521232616067253,0.12537556824686957,0.1391933877670729
27350768,0.0037195269661927056,0.00453155522439345,0.009917712519375942,0.0029967799235046874,0.007093540869152929,0.03005303532458165,0.0006944164396201993,0.01752325630049092,0.9234701764326876
27350787,0.010825077913216727,0.03842022782939427,0.023895032061504597,0.06897157341164593,0.20368755195773636,0.09917920829649288,0.0014559905285315867,0.08120308611153347,0.47236225188994424
27350810,0.02018995929086152,0.039542303808507956,0.033363043863258286,0.07924369508472479,0.3953713788366553,0.0970993747932962,0.0025135760048718325,0.17254008799689294,0.16013658032093128
27350838,0.002977713254395914,0.006307700664930481,0.006726753161406865,0.002993767687562699,0.011147506069184172,0.20675595914997225,0.0008131898340935377,0.021600832770311742,0.7406765774081423
27350847,0.00570721315748274,0.01900336466916474,0.005480598318296719,0.08447010569090015,0.5243876115237536,0.0197590031844302,0.0017111731578302075,0.12661685208535253,0.21286407821278922
27350855,0.00017366544134014836,0.004111566227913834,0.0009049974039109815,0.0003533867914507533,0.0028478353707046752,0.9773892275578887,0.004671475494386798,0.005516902639399835,0.004030943073004262
27350865,0.00041584329227177183,0.0008134807074071728,0.0009961156838475772,0.0006695632901145514,0.0005103335132441135,0.8917740702793063,0.07323832447819456,0.008965069408176787,0.022617199347437014
27350872,0.09594227037747978,0.012061517055552744,0.011615424065693977,0.06302552701867181,0.5090842199938973,0.03631551429247409,0.0020761225093413292,0.1949602683768576,0.07491913631003125
27350878,0.0002780402395767658,0.0009418567048246544,0.0011677698736240122,0.0004322220722770856,0.0004276086987191763,0.8468876467976687,0.11061953769632327,0.019920194980797758,0.019325122936188613
27350891,0.0024253305486502835,0.0150870678676868,0.005590748222884627,0.1597381274383472,0.548941442020878,0.021714331789083552,0.0009192397112808173,0.18085597182593113,0.06472774057525768
27350928,0.004538278804515374,0.009584034859887432,0.0014715539529912842,0.030307699983211558,0.878524798413364,0.005233964540019655,0.0005433511963838207,0.059748348470497856,0.010047969779129072
27350986,0.002809562256078912,0.01861220425051687,0.034052424489946796,0.021483991825171227,0.16046762171059212,0.19074980546831885,0.001498826944144291,0.1029190751473225,0.4674064879079085
27350987,0.001530633296851071,0.015511562128683761,0.003214078986894134,0.05423504195659048,0.7904595590486946,0.013332340696603185,0.0006101782448636571,0.05488578672278747,0.06622081891803176
27350993,0.0059782011455109104,0.019771206445894206,0.016310122172936026,0.040584808139814625,0.3765906081980891,0.042593459841753396,0.0011696185617415472,0.21719569633113886,0.27980627916312145
27350996,0.0030587829659917587,0.01778611815394769,0.0038008470092805286,0.07771025463257482,0.5275073280781305,0.00634442968667147,0.0009088712067369542,0.23820254545772818,0.12468082280893815
27351001,0.00020526004298718176,0.00027182137949374247,0.0003612685864253182,0.0001514482602492019,0.0002086540703896055,0.9233182159012835,0.060685050068489524,0.003412006709624183,0.011386274981057732
27351003,0.005448199294116619,0.017961099782265025,0.004303097645396374,0.04742890563129981,0.44158355298601426,0.016690074111521985,0.0011684261553462077,0.30522102214060776,0.16019562225343184
27351032,0.003479728534295343,0.009066530452025346,0.005488727618227444,0.010920799489113174,0.022552770960341476,0.1919409704522593,0.0016852060385972784,0.2180965197643559,0.5367687466907847
27351086,0.00018978462827894387,0.0004966909843404616,0.0002170826557155367,0.00016397819174255018,0.00034389674444512203,0.9820577690159915,0.01150466025265484,0.0029777012354819093,0.0020484362913491903
27351124,0.015144675682329693,0.034984846045624,0.007625777086540665,0.12852458936796732,0.5998178277219173,0.03502470705305493,0.0021340554329576803,0.0961681523384493,0.0805753692711592
27351169,0.011853733422487415,0.04668114451831309,0.007019915973813451,0.08199774083811802,0.46702560557490136,0.07238767343848149,0.002391275470198669,0.20541922978011523,0.10522368098357128
27351230,0.0008496753151721479,0.013733057253358235,0.015283821440240214,0.009584616884092534,0.02320778968252072,0.31576404335786473,0.0019008279532424144,0.014551027944084097,0.6051251401694249
27351231,0.0011229049902076542,0.0009388492587662723,0.0010988405680087076,0.00048248316435722555,0.0005041996357799482,0.9375594369731026,0.026795805286699,0.0249603913387709,0.006537088784307627
27351249,0.00013664016454549864,0.0013364820440001767,0.0015492456807601088,0.0003760584855427556,0.000479629272830144,0.9675016065888408,0.008583214583929154,0.005227174277253685,0.014809948902297792
27351764,0.001954109714633784,0.0015206542471210094,0.000861251199722462,0.0006365742166003263,0.0014524255634270065,0.8322572007201609,0.14333043478514482,0.011549605158266581,0.006437744394923309
27351811,0.0006942742295220402,0.015656732832659306,0.01230788734101057,0.01752534517151861,0.0375502727681692,0.6189195790409759,0.006313392106988144,0.053126047428249994,0.23790646908090615
27351828,0.0005233057734783206,0.002260605005173511,0.0006723035980182449,0.0006257245126437251,0.0024319762750567857,0.9617970782278543,0.020060227315820342,0.00921363481224768,0.002415144479707118
27352074,0.0005304424733162911,0.0019616397348940686,0.005003780364698072,0.0009812960493857307,0.00032574578002167676,0.16822221358475192,0.037251222736265015,0.011518198935864846,0.7742054603408024
27352253,0.004350830993748247,0.0006263350722847962,0.0023914808781024355,0.00035567676111284834,0.00030306008263293713,0.7886255265092451,0.15475255242662214,0.010504094921002806,0.03809044235524881
27352389,0.0006207639964007444,0.0076291644828681135,0.003379576469357061,0.002580045805307375,0.001476807720438898,0.9344063301912493,0.008732120640112195,0.018085376350994792,0.023089814343271464
27352590,0.00025809315908127136,0.013239709556910647,0.0017303143655806297,0.0013694338222247184,0.0019628289333173034,0.8368324141307377,0.037981898426114595,0.01093418402956396,0.09569112357646915
27352645,0.00031591571187349673,0.001483770133009779,0.0013057581171446863,0.000631859702823569,0.00036883881957151576,0.802794990075566,0.16848864711833336,0.00520271005937661,0.019407510262301062
27352657,0.0005912864976249982,0.0012028755496790145,0.001493705046365634,0.0016927918924329953,0.0019208135837652837,0.9560088529561981,0.0036781622540206305,0.011621380528899702,0.02179013169101373
27352709,0.0007594009010657838,0.007583186682659153,0.0013599366424800374,0.0007169133281477396,0.0016935913879257242,0.8869472533859306,0.056549663942365075,0.005703446860839798,0.03868660686858616
27352883,0.0006904386310646634,0.0005792294042583551,0.0010918399481713063,0.0002252958099818941,0.00024861819399013167,0.7450155550597878,0.22990907891388385,0.0021173926783964975,0.02012255136046557
27352929,0.0001639452784713337,0.007794408204388069,0.001256060676738619,0.0005585693353951295,0.0008811964214840803,0.9113731180519419,0.018131539561382252,0.004574134919163815,0.055267027551034756
27353024,0.0003942112607387714,0.0023643058293692466,0.0014097365019494583,0.0009554529711185411,0.0007972252098235938,0.8371393997207287,0.10497235557544789,0.017151252760246184,0.03481606017057757
27353174,0.0003087920593766365,0.0013940881038251728,0.001479044529341612,0.0004809210625953686,0.0006434176232190552,0.9252423794995057,0.0401192319609693,0.019065810341288663,0.011266314819878286
27353325,0.0003499790111118335,0.0012975367972954126,0.0007165777281359894,0.0002961537091370695,0.0007585494209951872,0.9259776424737267,0.03977113638459685,0.025100131238959926,0.0057322932360410715
27353511,0.0005362219477494314,0.001057032932073948,0.0015072150934768408,0.0006860497540589745,0.000605404973396885,0.8892429242166361,0.05935671251682209,0.022743286751109704,0.024265151814676006
27353521,0.00014507202715802517,0.00037865904926043497,0.000279286828553881,0.00027510771715840793,0.0003952923028663066,0.964478999349305,0.0208277227714435,0.006587673697301818,0.006632186256952523
27353696,0.0002582240896711581,0.0011155009410840984,0.0011347840509025608,0.0009873151486105953,0.0010705509654386827,0.8767716436803863,0.09072400434335542,0.010560886581761396,0.017377090198789837
27353737,0.0009240464780824046,0.0005863927660564157,0.0010637321833576686,0.00032243308970154123,0.00033167959168108963,0.8982230662310288,0.053852540091206776,0.012830725572716212,0.031865383996169144
27354125,0.000244010049132655,0.0011025491095533319,0.000645553221006008,0.0006271162448976019,0.0008687172260958189,0.9070273628581228,0.07224150035499749,0.010005042262970488,0.007238148673223855
27354711,0.0005968896533555985,0.0002777304410852596,0.00021324662114848144,0.0001598357834480698,0.00022634588231217756,0.9741655688924704,0.015236141147532465,0.004167490518450876,0.0049567510601967076
27355082,0.010039550631555467,0.03151568011976925,0.013077606269438914,0.018578755692875523,0.457115081618175,0.029375551623523493,0.0013395387156948004,0.10457064905454562,0.3343875862744219
27355166,0.009259275120388707,0.005654179799301359,0.014136093077242342,0.004318375573441435,0.019818187981833175,0.18296290624800243,0.0014331395214721699,0.033806035319032035,0.7286118073592863
27355185,0.000177959401743123,0.014911265339938602,0.0007663605202430335,0.0012900269100838387,0.010862132003283304,0.9279518260754114,0.007917919144580976,0.03170247168150485,0.0044200389232108735
27355495,0.00039246381279531316,0.012910605124412184,0.005861268245361342,0.0013258887525743903,0.003960665786703672,0.7872307204213947,0.021488986852019894,0.12191960725506765,0.04490979374967091
27355503,0.00024215207578686768,0.014281533130082,0.0008158245813268101,0.0007488195370475618,0.015226672150822044,0.9184152337553834,0.011701951815039366,0.032885972007757655,0.005681840946754279
27355642,0.0020998355643364708,0.06465397019415478,0.022431928291860324,0.06115994824882242,0.1033253714893128,0.6181458041607699,0.006235320373464557,0.05996026273679449,0.06198755894048417
27355644,0.000271780542480461,0.0028026433088314466,0.000972470072382874,0.0018991800050752441,0.001756037392485327,0.9338744719707995,0.012143588237897143,0.03759963152086708,0.008680196949181021
27355774,0.005294623171921204,0.018921503423179317,0.0202315206467612,0.4642741266258528,0.17100269008002225,0.04371794955473168,0.0013569396584335964,0.02325794792847347,0.2519426989106245
27355776,0.005344760891262859,0.012621353773923831,0.02250375131153152,0.32865343874512376,0.040843181397405566,0.03305779728376667,0.0007631510624345512,0.011819914905718307,0.544392650628833
27355820,0.0016088243135093238,0.039913036204004805,0.010494724494337478,0.2303026903498801,0.06704790108349773,0.05943125304141898,0.0016666213529409931,0.011472172150835588,0.578062777009575
27355950,0.000592286014059348,0.012010503576532017,0.014543136626543,0.0279248187569086,0.0020459131475853106,0.0209969041294593,0.0029162307299280747,0.023060022795290073,0.8959101842236943
27356033,0.0006559292404358648,0.001622167298907355,0.0008141633919482839,0.0012251866837586884,0.002021996971891026,0.9322342827476431,0.02929400061535676,0.01779477816724199,0.014337494882816973
27357496,0.00032476936573095294,0.002776549880898491,0.019400052090295418,0.004812705912700902,0.0010287257681442729,0.915742568240622,0.011256310704695856,0.01225922539004783,0.03239909264686431
27357719,0.0006402032901607995,0.0022226187405788057,0.0016301049949698965,0.0003775583813483041,0.00036860668466844894,0.08232916973387587,0.5200647447333993,0.0036842443828141638,0.38868274905818456
27358020,0.0004638035345117001,0.00961115957908538,0.005203036294055275,0.0007740384475418414,0.0022120108478257874,0.8289762342362236,0.01024724995690589,0.08893577580258703,0.05357669130126357
27358802,0.0012085762277121602,0.022236836086293937,0.014555477728677428,0.02107556842748027,0.014683095118327784,0.20867763771915862,0.001907415373127014,0.13418347988420667,0.5814719134350163
27359760,0.0005472274974776615,0.0064022823366368855,0.0026209181547914464,0.000877286072233361,0.0015383164846565695,0.28080140031450185,0.32398243619702927,0.371301464320182,0.01192866862249098
27360515,0.00013030751590307205,0.0012825924703815828,0.0004191119065729369,0.0002533390523970494,0.0006277784632092672,0.9292140164116109,0.05748151460930136,0.003733674249975463,0.006857665320648422
27360764,6.72920030405198e-05,0.0007939626934398908,0.00040928392334392853,0.00017609795208946643,0.00042724461564553197,0.991033753984433,0.001976901761314115,0.0032655431666546823,0.0018499199000387586
27361157,0.002856032884181228,0.007067208417656763,0.007179163253564474,0.018875712304361164,0.01127963669401713,0.18514507205648006,0.0019713645990489794,0.36358949079665076,0.4020363189940394
27361357,0.0001628329691619793,0.0062522123865386865,0.0006475246320976535,0.0006796604159336007,0.004364043372467449,0.965134223354371,0.0031086048440879628,0.013398985500420381,0.006251912524921274
27361482,0.0006159800979055875,0.0018845025997082062,0.0031695003931574094,0.001623859858284726,0.0045434630454486,0.9502001067851155,0.010625642378270461,0.02214393598607176,0.005193008856037697
27361590,0.00027044040976901797,0.002263342070763829,0.0012049238922254046,0.0003695233081989082,0.0004688605197191303,0.7849953108955654,0.012932675627268403,0.003868178922400371,0.19362674435408955
27361810,0.00017295494608533378,0.00886262689440496,0.0007859212806232149,0.0004093724995977078,0.0006116755284599107,0.8731343703506718,0.07310296767540211,0.0016914237874989884,0.04122868703725602
27361941,0.0001942377286225085,0.008835637081834699,0.0009536627843185327,0.0004518976131785673,0.0005300344261300215,0.8611921425162818,0.055892528209437325,0.0024821439443122647,0.06946771569588425
27362201,0.00013428968011718176,0.014088160414308624,0.0006010606707565207,0.00044623476852902823,0.0007122764139600361,0.9038178969989387,0.06528911531063808,0.0028735224920930502,0.012037443250658924
27362875,0.0003748963320813791,0.007204673930173463,0.0020729625312582447,0.0005579957518303091,0.0011536432322926248,0.851702624582276,0.06400709313296844,0.046332057877262856,0.026594052629856813
27362965,0.00046063767940309684,0.048554963960292415,0.0029904418859529234,0.002166726676524053,0.013945398156268668,0.1772739870527884,0.017698024894964713,0.010185564865663632,0.7267242548281422
27363017,0.00032045044780482323,0.0007026553681584636,0.0005256686829670551,0.0006673529512104276,0.0007401358182288767,0.9791104435651555,0.010405226247249223,0.004970833453170334,0.0025572334660553015
27363023,0.0004904365067734395,0.0007480698879114187,0.0006168835275519971,0.0008519139413748339,0.0007822578741339749,0.9829196310333157,0.003735305477040527,0.006259889173475764,0.003595612578422177
27363377,0.0003675764349734446,0.0012364379683888537,0.0007957202857529482,0.000554555342321296,0.0006431875512343108,0.8499762382725177,0.11643322675699946,0.020727761354239142,0.009265296033572873
27363492,0.00028149096895898067,0.04345510158156772,0.0012031776207788553,0.0011067969762174879,0.0061613749271256,0.919069957933758,0.007607805703664213,0.006524429261032249,0.01458986502689697
27363680,0.00034912182440829015,0.0016138064380667933,0.0014437774678554911,0.0007650878197817351,0.0005471837052827746,0.8149509990819783,0.13828049633661155,0.017431067208067395,0.024618460117947733
27363791,0.00033962279750321807,0.0004174626396338163,0.0005114225333213989,0.00022332883657388697,0.0003904689309379335,0.09752403440773534,0.8929588678231737,0.00550941453378558,0.0021253774973351994
27363835,0.00032296799065704475,0.011874439582718763,0.003171468468206758,0.0014751796923558758,0.005077934055317666,0.9652126799789265,0.0026067706885300568,0.006916316774751413,0.0033422427685360933
27363903,0.0008275458875571294,0.0006645319648113287,0.0006281475673022983,0.00035481771245037273,0.0004202016025833798,0.7012718064944236,0.2846045399609494,0.004577877280803502,0.006650531529119187
27363991,0.0005142521607360642,0.002125117556234218,0.0032723665639486405,0.000860878483443599,0.0008263122358597842,0.5560769230216993,0.38017885962177805,0.03695436120417417,0.01919092915212597
27364347,9.354511035865491e-05,0.00128216473685002,0.0002781028083885038,0.0002623732888984996,0.0008134027887450447,0.9842666368876702,0.004219582459749836,0.005879115253304866,0.0029050766660343296
27364537,9.456427509988384e-05,0.0012479606291369008,0.00020184869586639787,0.00016661216282803676,0.0007478203461937558,0.9849203477632746,0.004139870180054671,0.006423563251768273,0.0020574126957774324
27364819,0.000488533333220198,0.0005626709227716244,0.00037691185599132454,0.0004620067607137403,0.0006192341418928221,0.9708787497267359,0.011762616682144669,0.009717359091266083,0.005131917485263687
27365033,0.0012894724118073329,0.006462201533293623,0.0021900305050993342,0.019482933377326036,0.7468746792872246,0.008646446977458661,0.0006992841784651185,0.20817616005985978,0.006178791669465549
27365250,0.0004846907769288315,0.0006853153658987897,0.0004698769701553796,0.00043585611595549595,0.0006336836400182406,0.9833134841835365,0.00502411757581807,0.0060489098428175,0.0029040655288710385
27365552,0.0006219401097837188,0.002547318142509326,0.0005972443487736775,0.0007035976947749648,0.0013744721142669447,0.9549003388688251,0.0009962819120501666,0.02972702667527122,0.00853178013374507
27366111,0.0006709662481118768,0.0003252710255618153,0.0006107392573830783,0.00017323155378705984,0.00011499589112302104,0.01163134021948496,0.9815633340340465,0.001408733648426168,0.0035013881220755686
27366386,0.0004753883546058484,0.010251972902956345,0.0029717673515838186,0.000669131252545345,0.0005660532816286006,0.34107064195421155,0.0803495921843379,0.003921595101483626,0.559723857616647
27366507,0.0005218844674081995,0.0014713262374895103,0.001484867330707668,0.00023343532277347837,0.0006110924285076118,0.6346954273291676,0.3191720264567516,0.012321452310972817,0.029488488116221425
27366966,0.023646344768931717,0.002889956016199212,0.005803046539809207,0.004172462435869019,0.030780309364752304,0.8264304021665353,0.0014792083174495361,0.09358674789959333,0.011211522490860498
27367127,0.0003069129231941841,0.0060530560773046985,0.010300205918160193,0.001102339934867117,0.002940162729368356,0.8895850864484187,0.013164115379649507,0.03342475052543584,0.04312337006360146
27367178,0.020263783266840623,0.007762149015901281,0.002288526680091544,0.0012035459741709022,0.010762332380401174,0.9100047860391633,0.0029495434037295916,0.03541303887895031,0.009352294360751278
27367188,0.0023162602478086136,0.061902392680987114,0.025295422665837425,0.006714512347692162,0.12851826164775634,0.6271192777256911,0.0035265902099876215,0.06510004744500782,0.0795072350292317
27367228,0.00019326866305911097,0.0007061117852738998,0.00042598130274214556,0.0003035060738475859,0.0005868086641764265,0.9813134231808462,0.0058682784021382205,0.004426006632687965,0.006176615295228548
27367284,0.0029784502108808173,0.0034206440461317534,0.0063263077043702425,0.0029224472381300403,0.004597879921298779,0.8711517048450634,0.0015065805273808185,0.0679273265175206,0.03916865898922338
27367352,0.0016524768512647132,0.003708076945806493,0.005917461440234568,0.004564408519523686,0.014725683698962858,0.9179290514197692,0.0016977236188640082,0.030010054047144002,0.019795063458430455
27367406,0.003946287396745743,0.005705631824958832,0.0015139712108256894,0.001230519781081508,0.026115491161083793,0.9276347791024402,0.0032961482519730323,0.02561207774203005,0.004945093528861282
27367412,0.0010130941587961836,0.000987880779041677,0.002199395878369982,0.00042529608703766416,0.00025074541590108687,0.41169747988498834,0.17392276468914322,0.0068366300380478485,0.4026667130686741
27367429,0.0005935381346240739,0.002068467359593555,0.001322370343747526,0.00166686490756496,0.0022314037631421513,0.9199342868056072,0.0029164261847962536,0.013016796386625284,0.05624984611429906
27367566,0.0002799242362939386,0.06456242025979454,0.0037888745619385628,0.003075756410461257,0.00954224695122781,0.7975480261645981,0.00552999508536394,0.006829894969885452,0.1088428613604364
27367614,0.0022502503118298736,0.002898567834959688,0.006231034860365395,0.0035709621009632256,0.004061723966266827,0.8798040904243294,0.0020594469651871007,0.05760346670535503,0.04152045683074358
27367674,0.0004378180974147261,0.0010626434130424876,0.0006313039490492031,0.0004230702784502404,0.0009025106934358527,0.9662970784584415,0.012024770074965713,0.0071649392622166385,0.011055865772983656
27367750,0.00030393395939208134,0.002327938360443683,0.0012898342910757418,0.0007377012235810334,0.002143237768335408,0.9689171878787222,0.006047524462842937,0.009903301462244453,0.00832934059336246
27368203,0.0001289825028902029,0.0012779443544423457,0.00023403215665734046,0.00020189480900865351,0.000898265154702948,0.9820963823052433,0.010245424290757603,0.0032151225196355502,0.0017019519066620297
27368824,0.0007068944210559776,0.0010104393483297645,0.0007720127257512903,0.0038017498794258547,0.0012176537721674727,0.9566722004861643,0.012131181763828104,0.007966874161137642,0.015720993442139647
27368825,0.00040329402960135506,0.0007233267689430844,0.00025865901030279936,0.00019268279449271878,0.00034499047730647005,0.9779916572290762,0.00863109505551191,0.0031302601143857,0.008324034520379785
27368872,0.0003916247365093936,0.0036976875751459416,0.004822698622443342,0.000919566811993152,0.0005988327033463007,0.8531508113613138,0.01942256884142452,0.014793040601683752,0.10220316874613988
27368884,0.00039188627853010163,0.001217029734339308,0.0008467481221734811,0.0020727561286138963,0.0012978118618712229,0.951882535864344,0.01995148280975828,0.010063768072799118,0.012275981127570619
27369018,0.001299894696815232,0.005602035040521193,0.0044181385194594835,0.008502020391305692,0.005508073420565341,0.9394366418026228,0.0035786181861382294,0.008447073117448472,0.023207504825123584
27369072,0.0012235856851389834,0.001767376454281646,0.002781503901730875,0.0024819442847730452,0.001252717517533445,0.9468624405219309,0.002430217702660234,0.010846078055724193,0.030354135876226762
27369084,0.0010446853750735873,0.001711203344684613,0.0012916345574053977,0.0014727815896471953,0.0012955684135620498,0.8972424831590686,0.006735753984447781,0.012170549779910654,0.07703533979620023
27369294,0.001387010370207979,0.0022125813591172584,0.006031542459996945,0.014952031676647272,0.005441664891656106,0.836800775654638,0.0022686986440557367,0.06492007471478309,0.06598562022889769
27369367,0.0018113663854321114,0.004165394851207275,0.004396898667158679,0.003551535596624849,0.0014962036324976105,0.8500397352623127,0.027421355034533215,0.05818125200723649,0.04893625856299717
27369384,0.0005431870045017834,0.0013195284412725369,0.0012823409498926525,0.002092884793905863,0.002113200794191551,0.9317899603430054,0.0038790887637551756,0.021114539210355256,0.035865269699119906
27369473,0.0005385486500014291,0.00119227185657689,0.0009298284029637028,0.0013466833664294805,0.0014387538916675402,0.951898032034993,0.003954747166993109,0.010447842292187452,0.02825329233818721
27369484,0.0003775585262864564,0.006359929533909277,0.0011596271887104358,0.0011639562483543846,0.002247812705584224,0.9186698509759816,0.029127292093840622,0.0036485628176619826,0.037245409909670915
27369510,0.0008146045728607461,0.002241742663722411,0.0009682303652156402,0.000694296573499824,0.0008437428363396755,0.9494997299824057,0.005334008520464847,0.009482390556914118,0.030121253928577025
27369542,0.0006159426705132933,0.001398517817145592,0.0010903204114550986,0.0012586805829525156,0.0007102787144280915,0.9516897195879407,0.012563534073920276,0.015797453149283387,0.01487555299236111
27369740,0.0014773104610285516,0.0014587426548780453,0.001027535159884087,0.0023648372602227256,0.0016523032694945611,0.9221635053751263,0.014981901590491184,0.029658180319330433,0.02521568390954402
27369907,0.000399336268847844,0.0006568460975044881,0.0008590752760917969,0.0007135116549408208,0.0003953498486538103,0.9135858410387517,0.0036118665245137385,0.004456218485358354,0.0753219548053374
27369950,0.0007935643393373091,0.0011502709800719907,0.0007128603576095252,0.0008563868928158195,0.000678802892471315,0.9265777290033892,0.03076000187517405,0.016057225768879777,0.02241315789025104
27370005,0.001733761415336102,0.0012858988536066191,0.0007542545086073754,0.0004228936563358641,0.0007410626668435575,0.9364114361926066,0.017857849187456996,0.013535134221732354,0.027257709297474574
27370052,0.0003692825693881384,0.0005532363760495697,0.000524525433003081,0.00021317642373744791,0.00031629760796082377,0.9163283332645202,0.05418473922920816,0.010923385038413587,0.01658702405771896
27370070,0.000617102468770626,0.0014307432054390947,0.0008185566067851881,0.0005398755007847589,0.00047495113411417673,0.9493015815363416,0.009910203885651064,0.01406456772511816,0.022842417936995436
27370308,0.0002623717357072782,0.000977275921811594,0.0007224823505753453,0.0005832049504983143,0.0006758474978235786,0.9546985737324984,0.012949852046072534,0.009314543459551657,0.01981584830546125
27370697,0.0006158526427318341,0.004511680495197375,0.0017176542722146311,0.0015524225685747389,0.0008875654267993558,0.5975027288981342,0.1836468032459591,0.013463425240732838,0.19610186720965592
27370787,0.0015697337497062524,0.0009691445992077273,0.0010351156350400185,0.0006976980640697063,0.0005842500936830086,0.8123004813344529,0.15834144564534863,0.012243865152044071,0.012258265726447712
27370965,0.0012417022693941733,0.0005301211789105994,0.0012119824729302,0.0005053690404813695,0.0003102302130276481,0.7629939729359649,0.20297290849530755,0.014875300142264014,0.015358413251719485
27371182,0.0004254935365168966,0.001161352376801703,0.0007583282281989624,0.0005132807474689683,0.000449503547034736,0.9109639236298014,0.04716430203038534,0.005620779678913129,0.03294303622487883
27371273,0.0005008460517296986,0.002546848665226009,0.0006118401700302636,0.0013538050206659408,0.0011870752195023144,0.8952026382253518,0.07008974941647761,0.00969237562033604,0.018814821610680276
27371457,0.0005426150892666691,0.0014219343419410876,0.0010384308681260842,0.0007866381259426566,0.00039732612722196434,0.914685126974608,0.03938341600055481,0.005893835303370828,0.035850677168967844
27371771,0.00030728738105744444,0.0011101074660185128,0.0008692936897050195,0.000941226781941361,0.000831725825626709,0.9583421522946928,0.004286687512235378,0.004969110599588289,0.028342408449134434
27371882,0.00037735371560675867,0.0012308526736464758,0.0014937652727851753,0.0005677412605280848,0.0004682542093648926,0.7635506788908599,0.19378264209178184,0.011071327283530821,0.027457384601895975
27372009,0.009403881407960907,0.018989020930320132,0.013653446389018824,0.03165017330630829,0.005608266544508464,0.29163494930472506,0.012499961045552217,0.09088472448723624,0.5256755765843699
27372036,0.00045097673408622867,0.0009249055668573793,0.0006861189310866461,0.001800124944164126,0.001242520742599448,0.9693615446293209,0.0031942892189177753,0.007227704606408861,0.015111814626558622
27372357,0.0008798283631518061,0.0036112319064861807,0.0014095249603860948,0.0016647462480856396,0.0029515132535509825,0.8668239011551165,0.07199745537702125,0.009626876116755154,0.04103492261944644
27372387,0.0006159364768945705,0.0010354940136262088,0.0003361163132574568,0.000647929894754124,0.0008542061831546772,0.9829681736480671,0.005613480208464872,0.005434643821408532,0.002494019440372459
27372467,0.010286643603470313,0.015022972520937388,0.005163428052046814,0.0034890063562150234,0.0018407409957333345,0.40308258051842705,0.022003162637748607,0.04291627736096548,0.496195187954456
27372709,0.010645282587825669,0.006051933135438419,0.005881745711991657,0.004523518466674203,0.0024374893883999313,0.8235462431922334,0.03356254307084646,0.03234251720960221,0.08100872723698803
27372849,0.0005917319895414742,0.0005754711569201133,0.00048290808501919117,0.00038783341821968623,0.00043994844447718006,0.966339618880291,0.014919892205443685,0.012684283359212923,0.003578312460874934
27372878,0.0004597651541423512,0.0006999491628912043,0.0017444451219805176,0.00035711162027891625,0.00026214206731411857,0.859300069607723,0.0981256685225341,0.013748236910828136,0.02530261183230766
27372953,0.0007787091741587204,0.0030973542151347126,0.0010495458857403672,0.0013138670057853935,0.0027079494039139018,0.9403134906058569,0.0031815575698878732,0.008020438563035795,0.03953708757648639
27372963,0.00027347720972220423,0.0004232130515376734,0.0006515817349929638,0.00025222813688005114,0.00022405819447698637,0.9181214062052532,0.06111725983161045,0.00295243065478607,0.015984344980740483
27373251,0.00016635141554640148,0.0006131091043670286,0.0006525923851122763,0.00036188756244545455,0.00033346123134799584,0.9516777955822447,0.028834516831667777,0.011267193545508378,0.006093092341759855
27373586,0.0004646826132537877,0.001382092415283593,0.0008568349401621787,0.0016207989344012852,0.0020411914908282035,0.9652509479417787,0.006102284109711509,0.009556782585668071,0.012724384968912742
27374362,0.00015444642656876556,0.0006306880746041194,0.0007539743127635786,0.00025510283773828315,0.0003274959170427476,0.9750009185215317,0.010366284241569188,0.004694740199549266,0.00781634946863232
27374805,0.001145181135190839,0.0007831273676718758,0.0018681708316113004,0.0006182687952695258,0.00028967951902795304,0.08156650665424468,0.05185447308532025,0.01171684499909349,0.8501577476125701
27375784,0.000492721413362742,0.0020464443906575876,0.004176137005129922,0.0010426392098764744,0.0009339358016035498,0.6220067626985745,0.2899998902967437,0.04213995807342743,0.03716151111062406
27376400,0.00025373600394282785,0.023742871073374177,0.003865669886684266,0.0012305669694153893,0.0030810231406302444,0.8778140850442356,0.006724036262983692,0.009876093093837822,0.073411918524896
27376981,0.00410099365178042,0.0006079278676849653,0.002503901991428382,0.0004664763282149204,0.00026021800026135425,0.446562865996999,0.02155729519070745,0.02226000916021775,0.5016803118127058
27377219,0.0018687311186853276,0.0028402072829221197,0.0013666595009535407,0.0012155733701744397,0.0016437780332371201,0.9529597516411762,0.0065017738996288165,0.01884757041280077,0.01275595474042171
27377360,0.0004343122127442479,0.0016427217597054348,0.0005468045613919821,0.0009969290417742678,0.0020542325781995074,0.9421289764859984,0.029822445855679464,0.014632579828114264,0.007740997676392546
27377477,0.002541282238552876,0.003990369269028236,0.0014736756151894114,0.0006620114398096811,0.003763437985427721,0.9440448053439521,0.004499236510526525,0.01688653746357738,0.022138644133936063
27377812,0.0007047207324119573,0.0006957802843487018,0.0007069587065247737,0.00033137823764569865,0.0003091080175426748,0.9173723255771861,0.057541758982408715,0.0071806160647159886,0.01515735339721527
27377895,0.0031455115133586166,0.0005510454119994251,0.0011681511898307849,0.0004577036765504014,0.0005110953371890438,0.5124946459029653,0.4580463490156392,0.014131775163880471,0.009493722788586855
27377938,0.00024740344487107015,0.0006434545526812443,0.0005601439339971237,0.0002846475661121661,0.0004613685029704344,0.8871728372632911,0.09608239592578828,0.006271264664886026,0.008276484145402522
27377964,0.0007219157842575707,0.04072340280404405,0.002419015808460378,0.004614100430685137,0.03599831333657786,0.8474601718637618,0.00701098205105361,0.020980848732423816,0.0400712491887357
27378135,0.0012548424579532612,0.0037055674650980997,0.001491571501166953,0.0029638306718438893,0.003099278369082624,0.8872566240749601,0.03032188528358904,0.027258732179266696,0.04264766799703932
27378200,0.0007971072998859151,0.11977700066185087,0.0035813027542877626,0.002613096649779218,0.036876274347518716,0.4743289501840901,0.006963225982053152,0.3181008520296454,0.03696219009088893
27378316,0.00010878068362243894,0.0013543802407185177,0.00037368493458336414,0.00024272954612232072,0.0006135037538365806,0.9852394677923777,0.003312331858534025,0.005257224559395868,0.003497896630809054
27378420,0.00036142276038357964,0.001074076806122257,0.001046006703839528,0.000983405033989032,0.0005420852268138515,0.9021426492723642,0.020363612842785435,0.014369836065190036,0.05911690528851213
27378502,0.00020650154436448903,0.005916758474289667,0.000680220425990976,0.013182932351898652,0.9574232575002611,0.0018591190032512578,0.00036859254920599166,0.019036351452514314,0.0013262666982235113
27378503,0.0005349245124701304,0.0009894050130257904,0.0006075030600224205,0.0009189755094786139,0.0007479186402251252,0.8957676358003503,0.07189751828233734,0.013259874129819374,0.015276245052270928
27378642,0.001325301281991256,0.004013665825721897,0.021088042242787423,0.02036068887914987,0.0028707535451976698,0.9067392519740506,0.00851948373282752,0.016759001837420576,0.01832381068085309
27378789,0.0023747191000058985,0.005153615711002874,0.0015967986279951194,0.002360981641047218,0.006013111562212444,0.9516119264137601,0.00858393204794585,0.01596654593095687,0.0063383689650736465
27378854,0.004536708252495537,0.015383907709230815,0.006645932006475395,0.01819513536674915,0.020081410498229577,0.8965736830998892,0.0044261276370178215,0.01745514957519082,0.01670194585472175
27378974,0.0005524896437224976,0.0008292506723109089,0.0008218614098133911,0.0008585812832310868,0.0005269216225852951,0.9637698448792651,0.013971365030730744,0.008640626206330658,0.010029059252010383
27379077,0.0007857077401074824,0.0031034066142527146,0.0018227983002558938,0.0014076512351623705,0.0022905834761833034,0.9639958665345388,0.007385028288892393,0.012339415221087058,0.006869542589519991
27379228,0.0007871593560836993,0.002875053297041802,0.004000089000575414,0.0030377980323733067,0.002173279356467354,0.9539179710560104,0.005462989801498197,0.018023149370266486,0.009722510729683404
27379256,0.0015458056616876176,0.018258964085109568,0.00589051122938283,0.010619679312685693,0.8254195828827915,0.022273168822736396,0.0012457741250484174,0.06787998764862488,0.04686652623193308
27379305,0.0001866424383433663,0.0026625889092264424,0.0007786548001601728,0.0007376600776431161,0.0008224779207609113,0.941472413557246,0.04251286515083142,0.0030642769879618164,0.0077624201578267915
27379676,0.0006336323134617349,0.0024954941562289356,0.004786514422545408,0.005289513288969624,0.0010455779441526144,0.7998417458300267,0.01659097677141313,0.10079676014621786,0.06851978512698412
27380172,0.001068656552610315,0.02770487949871324,0.003036026706894038,0.0065741835884677805,0.8768116120034428,0.06668708791466557,0.0010729670683004503,0.01388537105595307,0.0031592156109527913
27380754,0.0005582099961521448,0.0026675375644462534,0.0026360203160184057,0.0003758604679257289,0.002673499459489634,0.5348561639010441,0.39690686380358625,0.037967765558211485,0.021358078933126228
27381012,0.0022646828710846108,0.019130281081719245,0.04195516548022267,0.022121331529596333,0.02184626027171917,0.3233398349908471,0.004461163913225088,0.08369059361520065,0.4811906862463851
27381985,0.0003981411541121657,0.0013579975448733345,0.001039452969299519,0.00037474480517554694,0.0004274219465552156,0.8301812137595086,0.1566137089408225,0.004351799167606451,0.005255519712046789
27382085,0.00021369134170051867,0.0035568452682342906,0.001176578250614785,0.00035167955512101863,0.0016426216530284843,0.9393099676242799,0.024046922939682278,0.013358470854642764,0.016343222512695942
27382536,5.012900634953831e-05,0.0008415751372431855,0.0005125544148663405,0.00021303418822627207,0.0004852046984179892,0.985851880938894,0.003869446328952713,0.0031508361124005743,0.005025339174649504
27382956,9.507173133007996e-05,0.0005005624254787929,0.00020939662690837814,9.973153391183979e-05,0.00033314088284378267,0.9855327254301088,0.007005957712995383,0.0038204086880088235,0.0024030049684140705
27382957,0.0003308910979828569,0.00017095438333258433,0.00036086826776153086,0.0001155710264633634,0.00010287729304481995,0.011948001335911557,0.9790931897760591,0.0016728835798154797,0.0062047632396288206
27383026,0.0002501768915796197,0.0029861120205587396,0.0028961539446090124,0.0006746550499977694,0.0021122355545012232,0.9633950914999444,0.006494378779691988,0.012608248415743257,0.008582947843373951
27383801,0.00015405012334189464,0.021935359571016444,0.0006284520508698515,0.0008119636803926378,0.007853426411833548,0.9573863591524806,0.002530688476564972,0.006292495045267645,0.0024072054882323364
27383815,0.0005145343213189149,0.0009717161270121798,0.0014382471583442155,0.00044019697987865517,0.00036776557634136725,0.18593700202692814,0.06610391295189215,0.006875301288415008,0.7373513235698694
27383952,7.413254325699885e-05,0.002463347553919835,0.0003204865075100175,0.0002984157040011863,0.0018690047968206237,0.9832621275072833,0.004553176035615409,0.0049290364920248925,0.0022302728595677986
27384062,0.0007116877252819151,0.02882314888864978,0.0021653419219344492,0.0015174617492735717,0.008899959138742445,0.8184501105812878,0.034465663937825054,0.08582692392469547,0.019139702132309616
27384064,0.00046255785559251946,0.004878645940909564,0.019912779428102136,0.0028104919497789187,0.0005118329175194078,0.02828024059434675,0.00848364229394661,0.012891486467173545,0.9217683225526305
27384208,0.00010645936687330823,0.0020581496109607664,0.00045544855473146276,0.00029407190143864256,0.0014678727888306463,0.9774367734039785,0.00732907248438621,0.007404529617094487,0.0034476222717060513
27385310,0.0004126208294826307,0.03824090490225311,0.0028170835118454993,0.03793352692109155,0.9005214044014123,0.002847057556745242,0.0004347473101449812,0.01416755769938681,0.0026250968676378686
27385431,0.0020819739572582115,0.004513103201204401,0.009373392729858713,0.0010072769357964365,0.0015153794550274253,0.4296468095927454,0.4023454314099875,0.07281254144098677,0.07670409127713511
27386834,0.0002789020182358114,0.0012617488486279674,0.0006825370717026017,0.0008084759453417065,0.000762789845518187,0.94365552214896,0.02144361306362657,0.01513940470536019,0.015967006352626986
27386871,0.0005145837742824483,0.0012703294616626417,0.001313413786132228,0.0008796021589215906,0.0004819937736507253,0.885832759905428,0.06704804062217386,0.013967595098128182,0.02869168141962036
27386953,0.514669090381852,0.004407280827763616,0.0013979072657878855,0.006427053499682395,0.010371371492262093,0.26926890096629036,0.01793456559036068,0.008918533167654834,0.16660529680834635
27387156,0.0005227237254643382,0.0006865136198205756,0.0020913926195341662,0.000442790143652524,0.00024073513896069967,0.8005688564928107,0.0253793027038507,0.007467843564432071,0.16259984199147406
27387223,0.00024706535711764045,0.001442598376669217,0.0008950582587183874,0.0007183751884112642,0.0005755437484205328,0.9209413827280892,0.05130805786830554,0.01040615838329142,0.013465760090976914
27387235,0.00022323359896627784,0.0009024151043562658,0.0004945769084008195,0.0008480404962975453,0.0006851762308927472,0.9590091937014953,0.018405237163236877,0.012937793461782025,0.006494333334572134
27387356,0.00021847881253448325,0.0007048789694495349,0.0006329355123564948,0.0006048371662418482,0.000507648698141879,0.9316332865069399,0.047503520652339745,0.007815349713015453,0.010379063968980628
27387432,0.00024725577381128327,0.000525681442722461,0.0003372947884795398,0.00029730858988173583,0.0004173042508677216,0.9727875634629253,0.011973349743921259,0.006329156105388486,0.007085085842002217
27387490,0.00038664079699585527,0.0007755215434050862,0.0005753565894844789,0.0006037007052504779,0.00046726794622263117,0.970297720117877,0.007091439846016082,0.009593452332147184,0.010208900122601075
27387609,0.00043576517983531804,0.001747521368121522,0.0006393617602748184,0.0007731926306843038,0.0016120674326477557,0.9637485429718695,0.010774134153706741,0.01030368211953148,0.009965732383328374
27387894,0.012694886038263199,0.0021562364152401823,0.003328387051220884,0.0009968253596896433,0.0006491267706778418,0.35385912877253684,0.18278257330969566,0.015083813880966856,0.42844902240170896
27388061,0.00045781322557283326,0.005140182439664163,0.001054794479778004,0.0017534867926977417,0.005526880432995146,0.9398889459965757,0.006008441857990968,0.030537617548454285,0.009631837226271206
27388363,0.0005235279288994652,0.0010772507591551902,0.0025067829783356815,0.00052165089513748,0.0006413195083773704,0.9397105036686886,0.02080155146194084,0.020219947832847,0.013997464966618394
27388419,0.0001284420666898368,0.0007190765538967243,0.00020110427806072407,0.00015405189937319128,0.0005791436837701087,0.983749782922454,0.006472508352751421,0.006202407969826788,0.0017934822731773697
27388672,0.000853792863277162,0.0010390037162382132,0.00151692398993718,0.0004330494517504261,0.00041262465949462015,0.9399518696752485,0.037659649417705596,0.010972148079952077,0.00716093814639604
27388700,0.0004967121681857052,0.0016626602367523062,0.005522863227672556,0.001015203530420578,0.0004002698249689558,0.9155972218352822,0.032537388548720445,0.021563760316564533,0.02120392031143256
27388816,0.0004885896299493219,0.002062263533717063,0.0037968137985085484,0.0006725154525810272,0.0005188383352448131,0.9554596647451449,0.009950582845917622,0.013744188025421617,0.01330654363351509
27388912,0.000365454239355418,0.001225108636171798,0.0035758302516784098,0.0005182469646211774,0.00045717101045085316,0.9361930561900679,0.02211530457089309,0.01372889771126547,0.02182093042549595
27388975,0.0004840978054229985,0.0006744293405794302,0.0010877430188376707,0.0002538115787429289,0.00031428056265215393,0.9618425026518659,0.02240603069117003,0.007036179562013653,0.005900924788715195
27389262,0.0002586482828454277,0.016897185702352605,0.0021482324465957776,0.0036667121250028617,0.008937293534434834,0.9482378303723752,0.002734548862622578,0.00969686354150276,0.00742268513226802
27389386,0.02862057194067672,0.006678172282556636,0.004472476625588728,0.003698722820816496,0.0038832428371730057,0.7988459952976096,0.05866836879781215,0.022550189399046593,0.0725822599987201
27389936,0.00022417596745438582,0.002419009523756266,0.001116443101723998,0.00035488744873757023,0.00045439866698378955,0.9427611632855457,0.03590975370718172,0.004314864307290336,0.01244530399132614
27390071,0.0015501330464690187,0.0046092995259223385,0.0037989243088354945,0.003147855421685915,0.0012259460180754007,0.9073788661322403,0.01387017715252974,0.017096172156877316,0.047322626237364544
27390223,0.00015816966683816894,0.000706397200316667,0.0011180460172536299,0.0002451681920858515,0.0003777844732038363,0.9742165456055768,0.009846660962046823,0.00491345506639458,0.008417772816283628
27390271,0.0001568725307480432,0.0012209502980539784,0.0005845963422747826,0.00036572257063787107,0.0010672506639299115,0.956621450030656,0.0210418533668815,0.010469037045686002,0.008472267151131928
27390291,9.04726408084051e-05,0.00042525968023992433,0.00039685579629566536,0.00011892713916120617,0.00026344015619249767,0.9870449925044378,0.0045876821209523255,0.004869974981633454,0.002202394980278783
27390319,0.0001503826602245169,0.0008895232809194129,0.00041890541635988804,0.0001598897049083745,0.00034873472324761144,0.9389037145831348,0.05035463662556304,0.004248130077410776,0.004526082928231615
27390709,0.00011689003502535718,0.00041663049287352224,0.0003565697815202153,0.00014918109043514824,0.00036842805849861564,0.9466881415918672,0.040860852399242927,0.004037620481029882,0.007005686069507238
27390827,0.0001220546629947705,0.0024481751629408864,0.0008855948799183792,0.0004079666316610546,0.0021910649591813615,0.9866207316862426,0.002071300974538509,0.0030940429102951452,0.0021590681322273117
27390828,0.0012651464466344588,0.00236248764099405,0.005598740259695744,0.0009039374335801827,0.00048100929293069827,0.07000478531697803,0.09803393407419306,0.01659006456036991,0.8047598949746239
27390876,0.0004187413411409067,0.012636372859335969,0.002977492167271594,0.001882272345562032,0.012727850723441481,0.9265685880250164,0.006466817006863179,0.0188899375357615,0.01743192799560693
27390943,0.00026225787147065747,0.0033708296122094195,0.0005971093170647957,0.00041413655658524285,0.002095243598561364,0.9286280200999779,0.04057908797254259,0.016913177576971947,0.007140137394616014
27391118,0.00043117855898758425,0.0013094516623059788,0.0018379580566932935,0.001298262094848948,0.00039693818405538953,0.8197610573469561,0.027894907386633427,0.010369988586701654,0.13670025812281753
27392023,0.0001465330627229295,0.0017205344739753057,0.0003354395040425571,0.00023889429607453576,0.0014756050889363427,0.9643218242270486,0.023869534892452308,0.005403943129425055,0.002487691325322475
27392399,0.0005928917466515305,0.00976194182211842,0.0008999625287196512,0.0075085979010697775,0.5869993295287093,0.006796061869427854,0.0006241986960014649,0.3790408877911529,0.007776128116149171
27392410,0.00043049782451958413,0.017274759046863934,0.000767559416429284,0.006069810446163512,0.8833902344587973,0.0012356856889445158,0.0003035133678924447,0.08692804854733402,0.0035998912030554106
27392878,0.0002841826273702485,0.00954934561803473,0.0004944047670858591,0.0027126763729346435,0.5564394217803393,0.0014548766938114169,0.00032280179397612676,0.42681317689618065,0.0019291134502671737
27790720,0.0014449164111601535,0.019307649263781052,0.028678558714957586,0.1399425791836484,0.008226780472816345,0.03513173534731944,0.005548953583076916,0.013971340268528707,0.7477474867547114
27790957,0.0006160554990950937,0.007070903242140322,0.002459717452679016,0.0019177435260964886,0.0024835100988955246,0.7463164315148288,0.02491922555715679,0.0041285610634302795,0.21008785204567773
27791208,0.0003202302719435323,0.000775763945233255,0.0006855636433929049,0.0007750406349277954,0.00047179186317354365,0.9270388016551006,0.04668890103552886,0.005050985382147327,0.018192921568552275
27791358,0.0011377740176150824,0.4130809538373783,0.0926770171548326,0.1434011724403968,0.004781704418254826,0.028734916179640652,0.018366183001086504,0.017871711580224596,0.2799485673705707
27792402,0.00024398904963672936,0.001560567688437926,0.0021577761583505173,0.0015672064917614025,0.00045381617546614065,0.05661994894775311,0.020369397195634145,0.0048703620353177275,0.9121569362576422
27793377,0.00041695763934346226,0.00039425809383938893,0.0006285806049790342,0.00021016441136253867,0.00022904762888649943,0.9537142928719592,0.03604055181360392,0.0022663509521522068,0.006099795983873835
27793451,0.011726087914131636,0.005371138587030471,0.00965314517639614,0.001053039795309565,0.002503103394842814,0.9361343198081991,0.01515302509347149,0.004433205795525041,0.013972934435093828
27793481,0.07071610323183727,0.0013018384512560935,0.026031061392179693,0.004051912666376582,0.0010376786418641972,0.8562009630445925,0.01450520223117998,0.009847312042089646,0.016307928298624094
27793513,0.006822439022977222,0.0017872077276183988,0.008422998064619588,0.002315752516046885,0.0010966664733263972,0.9319490029971039,0.01779555652307508,0.016207772600128102,0.01360260407510449
27794044,0.0011486023178081623,0.029183312216600418,0.03734599190366635,0.15431982341638617,0.020863379671089616,0.09834126316116917,0.07958720152320814,0.028508887359099205,0.5507015384309728
27794964,0.002152144886520498,0.0026263262299584976,0.0629643513838078,0.0033158192449012683,0.0007408754377483616,0.04156811410600325,0.03045115873978203,0.09661186112818987,0.7595693488430884
27795733,0.00021760839406829072,0.0012015017919981932,0.0007966230488302065,0.0007679652285867885,0.0006946065396194093,0.9512691843831892,0.031464622959923305,0.006182412657835278,0.007405474995949377
27795764,0.00031290364652226884,0.0012074404291722391,0.0021339970336056407,0.0006408251044376702,0.000596762990815939,0.9150932846801214,0.04201673057210529,0.008056574479381861,0.029941481063837726
27795783,0.00018632915930962932,0.0008654732938785507,0.0011692492246696403,0.0006581661753710766,0.0004804295874879374,0.9559275498416456,0.022445883001577297,0.004312687009510896,0.013954232706549429
27796951,0.00041003003760732787,0.00513383810220307,0.024260150244796455,0.0035776445414709033,0.001505448553948083,0.08750616521866651,0.045310784675013024,0.006284980027451884,0.8260109585988429
27798374,0.00016938008988857196,0.0005952561968430393,0.00040997789533617316,0.00038950832164115517,0.00040132593601144875,0.9710611729009473,0.0176136070473808,0.003462529565617406,0.005897242046333937
27799672,0.003717746100520305,0.028374305433049887,0.2177563566893763,0.03616838342332377,0.06439993428452542,0.5146089720273094,0.0028846104163078286,0.01931640437976009,0.11277328724582704
27801031,0.0015056200948894661,0.0012191139719017407,0.00883233606585593,0.0010141663801132344,0.0009422529229326544,0.9396911783129085,0.016230633079080046,0.011183368181398852,0.019381330990919442
27801204,0.005386851786529282,0.001468907523994765,0.030086572720334645,0.0018120703613683903,0.0007060926137392274,0.8969696635165515,0.010857362915091394,0.014281846958400235,0.03843063160399067
27801229,0.0015812209500446896,0.000851388653418475,0.011624003599938763,0.0011807958600624344,0.0005287863924283491,0.9527038123948931,0.010345771203242649,0.008143358505569888,0.013040862440401738
27801344,0.0025170694623772804,0.0013825601838652047,0.046173515179204705,0.0030918099778206682,0.0015007114097519844,0.901550677804289,0.007728675461581006,0.012099906431315272,0.023955074089794824
27801359,0.002129155263566497,0.0019814105364147935,0.010630949503867395,0.002654283486837518,0.0017256475920389804,0.9296826317334795,0.011384335439878077,0.02750244600062537,0.012309140443291896
27801598,0.0008960314000062375,0.0010218812118975944,0.005324445984837306,0.001176780797690686,0.0006401095865189037,0.9637213397887108,0.010107690185653183,0.009183297224372569,0.007928423820312681
27801619,0.0005419914881205204,0.001421175648214094,0.0005822744817040427,0.0004878292190930785,0.0009924526399867893,0.9814610933389071,0.0046423981806557185,0.005043808219996786,0.004826976783321904
27801782,0.0006738060962224412,0.00931641955487043,0.0018874783317501852,0.0019200321976774702,0.890686688598425,0.00816662622266105,0.0006145132862196089,0.08471866087849904,0.002015774833674755
27801901,0.00014925559438727754,0.0006341347679518135,0.00044903524528587074,0.0002814953986363846,0.00048470313983897694,0.9658371750751932,0.020933349245987113,0.0028339313291136066,0.00839692020360565
27802189,0.0007304453967566611,0.002284623074197196,0.005444883910004878,0.002435193306597927,0.0007475206195249125,0.6082368764064247,0.016740535049266234,0.017540724796619767,0.34583919744060787
27802195,0.0011404960820173453,0.058295723916154056,0.004027948820997351,0.00835392641895845,0.7858005066138583,0.11904548359030417,0.0026624495352854964,0.0160347881472039,0.004638676875220878
27802286,0.00015497074670261076,0.0003625613818920892,0.0002939995978468981,0.00017779204016847274,0.0002110799049422227,0.9597681665473311,0.03052253503781486,0.004082210544919857,0.0044266841983819265
27802800,0.00038568274623109616,0.004807394733985129,0.00100030640237042,0.00072855259531798,0.0038791407403535928,0.9699942710080885,0.010628711791140862,0.005031994523399245,0.003543945459113255
27803111,0.0005874898360211541,0.002935907035379104,0.0010836728927423166,0.0009049027416380389,0.0017899217824090222,0.9801152759826411,0.005062997920751152,0.004237519330822013,0.003282312477596093
27803670,0.000208782994568011,0.0017831905118374596,0.0007859498347158007,0.0006572799839676299,0.0007772686142388294,0.8925906361879197,0.05071074887409992,0.005537969035983279,0.04694817396266922
27803730,0.00019677777218246275,0.0005647690095547952,0.001147869991627869,0.0005999866599422153,0.00019679645012803476,0.003531072656153135,0.0036319312858806778,0.0022045682589389264,0.9879262279155919
27803742,0.0020329461097373506,0.0542351243003387,0.13150479745098845,0.10155763284593786,0.009438500955471527,0.2323721587241174,0.017389345526245586,0.02714604244915756,0.4243234516380056
27803824,0.0004617173557492074,0.006073339538031314,0.03316097081972295,0.036756379857782275,0.0007788269798138325,0.005029759256863128,0.0021905317734396057,0.011984311900085674,0.9035641625185121
27804016,0.0014903402737736053,0.004896912424796048,0.025721654787650775,0.019925070596152783,0.003962814652626526,0.10568014396635199,0.019212109493818928,0.02400702422217782,0.7951039295826515
27804050,0.007625368946888585,0.002570028066710795,0.0828520150880533,0.0017848677166113487,0.0007739591179070142,0.21394212200323667,0.574383533986432,0.013335182897418326,0.10273292217674193
27804383,0.0018700487502133695,0.0022412407565799743,0.010678867397765707,0.014381540551365967,0.0017532331974319422,0.41337835784218746,0.018787094755858047,0.03452292434384614,0.5023866924047514
27804571,0.002283252125233105,0.010655956233688105,0.008961477883373967,0.00679020356214682,0.9392087207310454,0.0025337482211960725,0.0005325070560297457,0.025625559524887223,0.0034085746623994926
27804578,0.0034197043523383724,0.015928199079763707,0.0034775936497121094,0.015079835834700298,0.8480613426091402,0.005445086566275532,0.000784611595939809,0.10212611749767796,0.005677508814451916
27804632,0.0014501383524221615,0.0917462226287087,0.041711342068970696,0.005253989242296261,0.6411169789886486,0.1700147202969414,0.0025005944587860474,0.03894056839421458,0.00726544556901166
27805015,0.000466683152863879,0.006038531638512293,0.0857072425809148,0.00712100330688087,0.002601248223236955,0.011174525030148643,0.003088467203267813,0.003863853399083611,0.8799384454650911
27805077,0.0007072726153514427,0.003587797959491338,0.0014283896482378696,0.014866160666126683,0.9598641508623713,0.00278090981911131,0.00027441539533866065,0.015515919874508564,0.0009749831594628486
27805095,0.0005045727783129688,0.007985827320520972,0.21214906920404855,0.049597560128051645,0.003355662656955616,0.009266601799199605,0.0026838019049030366,0.006729152745016667,0.7077277514629909
27805289,0.0011355461684933099,0.031480270279922506,0.09411772403051813,0.6123261163718786,0.04330587829897857,0.016662609562860732,0.002204370517310034,0.008380500776358255,0.19038698399367995
27805344,0.0019334340557230186,0.011157890214108752,0.3650526137219397,0.046019440212476934,0.009776187269103651,0.04705215860984507,0.002285519275044631,0.010151222867741632,0.5065715337740168
27805716,0.0010756264008241509,0.055787750578924385,0.020645004759343347,0.0343546783888968,0.7617870178438577,0.013126559963117245,0.0016622833600784298,0.10896028893333076,0.002600789771627225
27805813,0.0002882466595443446,0.0017496406958454158,0.0018141677756521334,0.0006297496214991609,0.0013984455908641392,0.9628176193364816,0.015792459146677918,0.008401866196330633,0.007107804977104784
27805896,0.00034228581903516055,0.000440884139883088,0.0012386853770349575,0.0002651489622266505,0.00018056890549695794,0.03859896946146878,0.0863902048580064,0.001219192243477792,0.8713240602333703
27806005,0.000985177746849944,0.000599151537177073,0.004331761958845559,0.0003884203092649994,0.0002105043804172012,0.028926948234075447,0.1806468633918688,0.001885240719980717,0.7820259317215204
27806354,0.001873264973124232,0.01735404305957813,0.1081487867878409,0.045223985576680344,0.010783876797197741,0.16818293036272608,0.0035359185302349604,0.009480211721656714,0.635416982190961
27806823,0.0014354633487676514,0.012847803655897244,0.28064667451033487,0.2710709983182781,0.004456318913936548,0.09960782990741567,0.007449565323639623,0.01572313230364256,0.30676221371808804
27806957,0.0038320452107432064,0.001733809408780924,0.03365040317997842,0.0072382738925782335,0.004912734277041232,0.8602885908511606,0.007634706142136136,0.03073025633957584,0.0499791806980055
27807052,0.006931996442070488,0.003698295732326469,0.06910273161282239,0.0165865987060211,0.002011575213567891,0.3511770976126472,0.04814674974512049,0.03068253847878668,0.47166241645663737
27807477,0.016219423258123263,0.11050177970965647,0.024498537843589647,0.013038305641099679,0.012064018388574764,0.26963078075369895,0.016649655488339618,0.05605920390015584,0.4813382950167618
27807746,0.001408677452624399,0.009018752572856944,0.5277954121877448,0.024789332843180467,0.004191925971887235,0.05674324343981736,0.02789286596828453,0.03486993911086098,0.3132898504527433
27808162,0.00022101647213124993,0.00148805989291467,0.0008876761744040335,0.0012177737297008203,0.0009329145477970159,0.9313516178290744,0.04423847965819857,0.011222105682794288,0.008440356012985034
27808218,0.15499396166132776,0.0008193918857592218,0.0043248243505975255,0.0008029601142207378,0.0004146912354257133,0.12307373827769644,0.11100288448044364,0.008381375083238357,0.5961861729112907
27808482,0.0013065715450366819,0.06972694906666765,0.016825608155111856,0.06408628645385629,0.015570995643800932,0.7633853756759101,0.005092162995465456,0.017543798142725366,0.04646225232142569
27808995,0.005359724177595792,0.004581191065607932,0.010525824043542143,0.10104417097533629,0.003463880440455008,0.19341280939756042,0.009195868434736743,0.3692560392785655,0.30316049218660035
27809307,0.0005112437478095002,0.0017550347012666404,0.002463964026215907,0.0025383919821674247,0.0013313722141810233,0.9441970099564989,0.015859543294248008,0.020027149240514037,0.011316290837098583
27809673,0.0021792722602096736,0.004579513481269226,0.02999895800766939,0.03247376653274238,0.0020501367546138832,0.7485508736345753,0.04098963592075409,0.055674002746298724,0.08350384066186732
27809679,0.002632840869206219,0.012021496774654932,0.11728871721761357,0.18169069731573642,0.0249048483036958,0.03897766686901284,0.0016552025411549322,0.012458600179049348,0.6083699299298758
27809686,0.0008735346795740125,0.006472617467638703,0.18071995156623674,0.05424972341997556,0.010439579353306696,0.03638106683867499,0.0030100131669621973,0.006973269213163011,0.700880244294468
27809745,0.0004567097758842816,0.007359997732431749,0.001367148691665938,0.0015125215972756011,0.00476708762388967,0.9489018465796065,0.010644559380060422,0.011004864655081026,0.01398526396410488
27809793,0.003047544046562218,0.002944338436567949,0.0029832181250698587,0.001428417048809376,0.002240288037134761,0.9601247230457597,0.013289690205503416,0.00527397442315845,0.00866780663143429
27809825,0.00015825921652253954,0.0023801990657964095,0.0010766269281265043,0.000860643083873007,0.00196949211052442,0.904721717082125,0.0440662612703174,0.00941961240557114,0.03534718883714344
27809826,0.00092649393735079,0.00390689929494741,0.003595311699603512,0.01126521607209065,0.0031344353315262592,0.8772151381632741,0.013803782685427337,0.06561058324881067,0.020542139566969327
27809828,0.0010549509487846357,0.0015701858721666455,0.005067970966383823,0.0020598139049483157,0.0005948505572672646,0.8711292363354166,0.03232550246935976,0.010724967823981555,0.0754725211216914
27809852,0.00035091067104091225,0.006644974983721186,0.004517685976283233,0.0012578650644178796,0.006100749540102727,0.9299569151748273,0.008692984684956946,0.005309197134045883,0.037168716770603905
27809863,0.0018735803146898585,0.03562270142240892,0.052364232205539527,0.04694467079421785,0.09502726362101528,0.2532038933839057,0.004282778334076086,0.04482180437832923,0.4658590755458175
27809882,0.0002345052235064832,0.0010155340319095076,0.00046418421567496283,0.000907560533736243,0.0005538205477136248,0.9615124382430866,0.020365160961143984,0.007187271366940649,0.007759524876287983
27809928,0.0005654159759743227,0.0031225783440360917,0.030875150809995873,0.0019541701980343757,0.0018284675512085932,0.8840420781140955,0.013601547934767866,0.015342916152002747,0.04866767491988463
27810395,0.000619314389495556,0.0006909632769057434,0.0068573310995416374,0.0016355164688597332,0.00016606277658430242,0.0030468434053444616,0.0064157058625350216,0.009002989121366505,0.9715652735993671
27810399,0.00038297776101349495,0.004286671070664626,0.0009230306182622101,0.0007477418662116329,0.0021656046821864343,0.9727035157679068,0.005533211249131798,0.005550951498912316,0.007706295485710756
27810450,0.004283694585872708,0.0004518829918174056,0.005148635394313522,0.0009476733123534972,0.0002163070620867855,0.005203091610467594,0.029886248359479037,0.002463942167757542,0.9513985245158518
27810666,0.001007070428480188,0.01401421029128878,0.13399079377158157,0.1290834929671977,0.011140674197266146,0.5312587256832008,0.011823824583448805,0.0916111750193478,0.07607003305818826
27812409,0.002447862495328778,0.11044561128939685,0.009054448932287606,0.38734383580239184,0.3031142941396677,0.007726780706055459,0.001653754932179261,0.03358140096054991,0.14463201074214257
27813952,0.0006741767058502234,0.02139584957912295,0.0459542293288208,0.8571291563744584,0.006979961243325539,0.019194772285462857,0.004845114708966449,0.026810469384982164,0.017016270389010452
27814181,0.004789302979502538,0.03653274697407255,0.0044136798718646085,0.009105489548603268,0.30026827228874725,0.5979663394221183,0.005190314717764849,0.03236158396310485,0.009372270234221828
27814312,0.006977448198014131,0.011404359584720367,0.014316564680480455,0.09346721414164359,0.0021795205039138598,0.03759327420368653,0.0077251715113317064,0.02348394734692966,0.8028524998292796
27815210,0.0016569869159557221,0.006817590398755306,0.012553174113265309,0.008030722502860499,0.011933880608486193,0.8362867645098992,0.006756771491417041,0.0994548995044311,0.016509209954929542
27815778,0.0001264256343372634,0.001008810215417011,0.0016578820985607952,0.0004797663507144928,0.0011046587058328736,0.9607459038524616,0.012088801076698704,0.00523917279043042,0.017548579275546903
27816871,0.000535574618774707,0.0065096558906447746,0.0022474876451177325,0.0017355017065356266,0.0023990552880492192,0.9555974738143048,0.015627478713726675,0.006219412606857479,0.009128359715988998
27817050,0.000850026833655034,0.004744240656446714,0.003169205596971151,0.008835089701417323,0.002764681298549002,0.947086045152515,0.0031586796708696374,0.011888778510894593,0.017503252578681436
27817111,0.0023054220155917394,0.006367373322896859,0.017478461242389193,0.008552257913128445,0.002154454492548738,0.14583851638329962,0.023694772211426057,0.030808937737014697,0.7627998046817048
27817127,0.0014047932930660529,0.0028615877220948796,0.003130739343223958,0.005229920163439772,0.0027967363718861735,0.9329652536967501,0.012600532646119404,0.01972144323301802,0.0192889935304017
27817260,0.0015980538862487475,0.007262040813248047,0.018109729802683952,0.010023310115797872,0.005033033901170959,0.8156000363025127,0.007892084403376522,0.029238201687343736,0.10524350908761748
27817270,0.0002886756298571817,0.0015639728516236321,0.0009031887618992256,0.0006791976453575275,0.0008420674416906937,0.9449210905405909,0.03262116372971821,0.009336298728260473,0.008844344671002105
27817284,0.0008171094641948752,0.0015684170310273336,0.04317943269880335,0.020549330525825023,0.000473875300484435,0.006010283660229663,0.002627750703223625,0.008829158642734638,0.915944641973477
27817320,0.0003782310368957123,0.004337949225707569,0.0014864688150721414,0.0017991454150618179,0.002387291329855614,0.9626141514909358,0.006285596134387997,0.0077915382330961845,0.012919628318987277
27818613,0.0003151277302390348,0.00319063554364817,0.005397355890672382,0.002752659886046046,0.0012505685826293515,0.9093842254654884,0.02155501263582064,0.017873316478635354,0.038281097786820664
27819839,0.0004909484791195831,0.014925586778933669,0.001593039406620801,0.00395315012346885,0.9625354004576846,0.005225277522878576,0.0006308377972265395,0.009472607852421941,0.0011731515816453212
27819914,0.0021792175183806125,0.11127921193409095,0.2851270565508899,0.0544759401703382,0.1792508378371008,0.33111413241978355,0.0027520422963432352,0.024565641978280723,0.009255919294792065
27820106,0.0005793470314817593,0.0011502831814583039,0.0014834769231999324,0.0007088815084288662,0.0004342403304125823,0.5339472613056987,0.41196543126083957,0.005899268788667573,0.04383180966981275
27820127,0.002124411882155845,0.0032277542537071167,0.011580705009690986,0.001508039605141897,0.001955322442391438,0.8420257814854543,0.010625957985499966,0.02537535175384577,0.1015766755821128
27820590,0.000395199802447105,0.0013287851996693879,0.001277594246540673,0.0011466622318578917,0.0007136244959196384,0.9583289571055534,0.018004472508739756,0.010688161771857836,0.008116542637414246
27820593,0.0017118005048829823,0.010347521263094912,0.3792175778896855,0.04450810928505216,0.16731862204016684,0.2200878305413641,0.02485616078900615,0.029287184100620155,0.12266519358612703
27820643,0.0006080207119849351,0.0019526135027750806,0.0029445030633983523,0.0017671275602634555,0.0015058574180254374,0.9518893944447866,0.018330688058698676,0.012414570643325969,0.008587224596741546
27820696,0.00035228337561943237,0.0008808574948234023,0.0017814322243991257,0.000953278174061656,0.000529193430373202,0.9717612296236299,0.011681288713905438,0.006024114071409525,0.006036322891778322
27820697,0.0007535405644059208,0.0013793259687379382,0.003012846522863903,0.0013548507403733593,0.0010384948386134387,0.9545840752899403,0.016720987212511543,0.010860342267422584,0.010295536595131109
27820711,0.0020760067856027604,0.004700111262782963,0.4921572619212177,0.01795869136878847,0.0063601535928593435,0.04112068223052184,0.007743677091934865,0.010967981788255905,0.4169154339580362
27820719,0.0009200381608466665,0.0008575216622886992,0.0021421947684134596,0.0012120567710965698,0.0007239851393642998,0.9755739380976353,0.00572281092645336,0.007586469204402508,0.005260985269499154
27820782,0.0012796802394648094,0.0007887092255805764,0.004293923233094465,0.001364242837649436,0.0007928791029636965,0.964312070981961,0.011536014271315075,0.006827394868201482,0.008805085239769582
27821053,0.0007101690010992068,0.002690278294621584,0.003212054347017965,0.00231239463870188,0.002111843561137416,0.9354867708241854,0.031062376330270675,0.013158587232542637,0.009255525770423332
27821289,0.0013311593890698251,0.003184685600923482,0.054207873299747904,0.024054508286344128,0.0014481181189307313,0.03950660041453579,0.007217972052165501,0.013976440080578079,0.8550726427577043
27821297,0.001225541971033994,0.0065764970984043755,0.06193261601979147,0.041502798541821824,0.003991973087447309,0.30751110515992086,0.008641835481297959,0.020406590129632862,0.5482110425106493
27821964,0.0009712607273542485,0.0016106618247791634,0.005281640095988625,0.0019718112920496986,0.0012317614675087425,0.9522236903249937,0.018637742697401816,0.00996298805197692,0.008108443517947147
27821981,0.001620929361793281,0.0008564428395240213,0.003251011014896561,0.0006850912797763249,0.0005916903703289126,0.947595568659389,0.030623597534248037,0.004747322468601603,0.01002834647144225
27822072,0.0012222894266092383,0.0005795299847809499,0.0025233470679376065,0.0006852458012244118,0.0004695197959165038,0.9734564216714438,0.011290412716876412,0.0036116644724273855,0.006161569062783841
27822175,0.00023912398226002304,0.001100000870345627,0.0010301528315974147,0.0006696798170937763,0.0006121897782502902,0.9569815869915131,0.03012308998743427,0.004807482759011155,0.004436692982494294
27822258,0.00037938101846647995,0.013644246772308475,0.001808924687458547,0.0013803637385439728,0.00462562383217719,0.9566492011636131,0.007386459557946797,0.008269694740445633,0.005856104489039718
27822577,0.0006196934893319692,0.0009195924785532781,0.002543408018199032,0.0008394421110357642,0.0004798947423057909,0.9477632102684466,0.02951645507799033,0.00836887324387457,0.008949430570262666
27822666,0.0005118852933535679,0.0013216280413877958,0.0022034388002577505,0.0013367280618718773,0.000954549769574455,0.9604635897118418,0.016621023715196897,0.007023906079008703,0.00956325052750727
27822761,0.0019341218305849294,0.0034216101325681802,0.1692263880599053,0.023732842758594906,0.004191332434321408,0.26215917624427987,0.009135322467506882,0.011784295324528776,0.5144149107477098
27823521,0.002866016703819026,0.003900150460862788,0.8184037799141017,0.017321936418280268,0.006476242090638807,0.03203076352174071,0.006057110032724358,0.05240391747464265,0.06054008338318964
27823796,0.013608286380007857,0.006991586999084958,0.10554361186645662,0.006412243791302907,0.0062417582044349725,0.7649822885826809,0.022171728996771604,0.013008139018587788,0.06104035616067243
27823891,0.09704955818420298,0.006890620554066516,0.030043157518486532,0.028576988387385382,0.7548762530429061,0.013283982266210302,0.001421594596507422,0.0484780727990011,0.019379772651233713
27823940,0.013990496002345358,0.004780057002157129,0.03085775541748171,0.006579053935861742,0.91916634989258,0.0036208473700351023,0.0009266358883836307,0.014913989724843566,0.005164814766311828
27824296,0.0008618367119805129,0.01136195603479193,0.48724110428815054,0.35663101622753035,0.0022858856088829576,0.017995556369391996,0.006250007128603211,0.0161093050829694,0.1012633325476989
27824965,0.02064809268388147,0.008168682531799023,0.008235732270750138,0.0033658635360486687,0.013601165594130929,0.9177763949211613,0.00635358236294838,0.010185631105209907,0.011664854994070136
27824973,0.015690345858430866,0.005773214080653013,0.004635025177653313,0.002411503058598336,0.005314659316282553,0.941196662702694,0.008484370359636785,0.00621788667826335,0.0102763327677879
27825620,0.0001431544514138382,0.0007999199155509486,0.00038469332770576245,0.00019971693340800192,0.0006439364980353214,0.9656475610199132,0.02482787723429755,0.0027716507601488445,0.004581489859526502
27826018,0.00037131991560777054,0.0030631196675256892,0.002999076322991787,0.006524260403059797,0.003060208640078043,0.9529195247280815,0.007150865535764466,0.015504678753097323,0.008406946033793597
27826098,0.00025218313164862257,0.0022957991392359408,0.0012548930756084021,0.0014020669412479158,0.0013513415233822948,0.9581377358125545,0.012674257019523523,0.004257651493737138,0.018374071863061697
27826235,0.017582578363908398,0.004031123100757524,0.19263126304476988,0.01060269421328382,0.008717824889893684,0.045546782146717216,0.002678824838533736,0.04786123791435051,0.6703476714877853
27826276,0.009978592002330753,0.0038706924512761087,0.3008418723936222,0.016754807582272636,0.01026719109196824,0.42067642424607193,0.0016301004725261263,0.0315580318828399,0.20442228787709216
27826338,0.00012829461102442617,0.0008075134008366197,0.0006017832501992775,0.0003514188631644671,0.0006913892573169348,0.9613407879645585,0.022468447335348127,0.006710893856890649,0.006899471460661084
27826531,0.002284637683441333,0.05828532146645379,0.03990384284792216,0.08793885276480233,0.0078094340563005,0.15945619190799928,0.006124783227968588,0.014446301567210093,0.623750634477902
27826578,0.0001424659011192943,0.0005325025431086827,0.0005497835099946289,0.00028395507430827504,0.00038045257387184494,0.9686879992927172,0.02069797755921078,0.0035818090186358303,0.005143054527033475
27826709,0.0007416428558139123,0.0019552880253416644,0.001582697462144022,0.001243021084355185,0.000815418799651409,0.9771208738326754,0.005545674529752477,0.005261302732740621,0.005734080677525358
27827567,0.0003330353399147438,0.0009703869388350793,0.0007199924754473552,0.00035343044138222586,0.0005369872416604723,0.9503257051495277,0.03828022137880672,0.003989273860623582,0.004490967173802075
27827960,0.0004244043130104005,0.005112963682523924,0.06401934467673077,0.006113356559188996,0.0007018198658044878,0.01922516322985669,0.009164719535733763,0.004390712599320353,0.8908475155378306
27827965,0.0015480352659568248,0.021155546877299574,0.02758131941376482,0.009274847235334404,0.00804875869009574,0.014531283616982154,0.0028429463404869787,0.014774825433980177,0.9002424371260993
27828047,0.0007221932245276684,0.00258889122181038,0.032472023203517164,0.0026646304100039564,0.0003578953915807577,0.034299813821239936,0.012458539840866603,0.01108226673622646,0.903353746150227
27828372,0.000302484252818416,0.0025786653604655072,0.0022293979818221983,0.0011043311702958404,0.001032017569455267,0.30352803513214044,0.05506492040965875,0.0070658161651008,0.6270943319582428
27828436,0.0006908875330305014,0.0023008260746003356,0.007738451821857972,0.0011160312167005802,0.001266568553910136,0.9393751410941593,0.01698103351505614,0.011291698361968007,0.019239361828716803
27828585,0.0002413065001407417,0.001622293375617207,0.0008583263937764922,0.0007064372268174599,0.0012414125606286996,0.6633369996705878,0.043438050100055935,0.003413974032161527,0.28514120014021416
27828863,0.00024000488186280063,0.0012470076868445494,0.0007281198056339802,0.0004031109713575245,0.0009564003922788156,0.9470975712639108,0.02654789721683823,0.013047010176954515,0.009732877604318764
27828994,0.00038254501392293385,0.002544675885762852,0.0016188674601486167,0.0010585322923812443,0.0014035706376621848,0.9433266669053857,0.02628671916396914,0.011815517947839606,0.011562904692927773
27829036,0.005826158397609257,0.004754656485117113,0.017929011873836238,0.0021396488887579054,0.0022029112201516245,0.9323476380174155,0.016715142041357885,0.0037305433294668945,0.014354289746287725
27829544,0.008654077226416214,0.0018676097802928942,0.10665275579616933,0.0023040974893054353,0.000619486353180223,0.20873678981129135,0.02309601607794666,0.029348578934189448,0.6187205885312086
27829566,0.0008342544776763577,0.0068072809563842354,0.08104314106678087,0.012118819081792324,0.0006920393111843509,0.011370083157416529,0.004078057019961375,0.00778694890092983,0.875269376027874
27829568,0.030869378764122567,0.0010122669138790653,0.2083348651901375,0.0015104595159413784,0.0005696262317541565,0.06347085883074222,0.005634293007804715,0.023591352632330937,0.6650068989132876
27829613,0.001226150267668706,0.0016829356620743944,0.381175961044825,0.0015381967790349827,0.000955587343920371,0.35327935991526355,0.014546811731003332,0.008678443410571607,0.23691655384563817
27829640,0.009040857320153316,0.0023802638421233173,0.08955846334874086,0.002528322629042424,0.0011803937798596845,0.7969743918612262,0.029612857835019272,0.011489792291945454,0.05723465709188949
27829781,0.043470364619854644,0.008404921688889958,0.463377880434177,0.148812332622717,0.015247213753558407,0.03825958533583869,0.0036565481091832314,0.16355195546183868,0.11521919797394242
27831184,0.000525147074272339,0.0009956667116051941,0.0030430142832069767,0.0009989170080120147,0.00027549232635153343,0.011960889124989287,0.16015275630913914,0.00261924171042118,0.8194288754520022
27832153,0.03928874625236745,0.014654324938994628,0.09562938959441715,0.15710358407982136,0.5353848768878099,0.01836905226862121,0.0017844375012779606,0.11377055721748415,0.024015031259206194
27832334,0.0017163258442621074,0.001435068084139604,0.007848471572068527,0.0008070399857922253,0.0013491660436263941,0.8670167037238123,0.04947830896076107,0.006424515455959082,0.0639244003295786
27832702,0.003038945098883791,0.0020365373254381527,0.0059243121488124885,0.0009263623077936515,0.0009618613126053324,0.9629746012952929,0.012268414533826119,0.002178371438095775,0.009690594539251834
27832750,0.0005065185101034607,0.0004675124693672807,0.0017210869762136405,0.0004038402886360282,0.0006685234238232779,0.9768266648363833,0.009995788568040799,0.0031911102462859435,0.006218954681146343
27832752,0.0009246904038531227,0.0009189220184114583,0.00318308785466962,0.0007426481240819592,0.000799393467461076,0.9639802669375809,0.011006295571865853,0.003873840616958174,0.014570855005117829
27832846,0.002020465721865094,0.0022750944144509307,0.01033105631278534,0.0019093946237678894,0.001848197949876719,0.9488695584901781,0.012589204914439985,0.00872503440564018,0.011431993166995821
27833884,0.0008740357817881125,0.0005446823391698436,0.002052525258617318,0.0003826938827401988,0.0002614390310506935,0.831005754262175,0.15073285999066774,0.003720594475877295,0.010425414977913572
27836060,0.0014820608733264226,0.0016042180738731408,0.009284247698239816,0.0023480247437985156,0.0005105255129404026,0.45910235784599296,0.0863334785518269,0.013348505604482246,0.4259865810955197
27837142,0.019174649530611324,0.0022447844297575994,0.01220235994502557,0.0016835912278442883,0.0020464188122839397,0.3852370354216199,0.003189005771123199,0.008930745052110924,0.5652914098096231
27837413,0.004179186378642704,0.0026004684330785672,0.011719959502573195,0.0038767318274659907,0.0014857891203432457,0.7415889568407852,0.01977577050087555,0.0077247552663399655,0.20704838212989554
27837630,0.02597083858249742,0.002736265741491388,0.12270146223896594,0.002451666240306048,0.0015528373179528804,0.7916727198893538,0.0034907171291760344,0.005114887765414775,0.04430860509484174
27837708,0.009336824384210048,0.0016469128781319948,0.060845201788263865,0.002142753341780104,0.000778894655163203,0.6196178091468703,0.009068133509541082,0.0040365911186565785,0.2925268791773829
27837830,0.028496451010950642,0.003096170893819787,0.018804297573186524,0.002932221018154539,0.002243314560183454,0.8726586525284488,0.003393566594624319,0.008096260588551474,0.06027906523208042
27837913,0.0010848006565671315,0.07472374309785587,0.010098785986464371,0.005586239070016166,0.6934721031353861,0.17556815519651883,0.006802913426234672,0.022692352818051688,0.009970906612905173
27838486,0.024697433095005016,0.002344149678933665,0.05462093793198961,0.002957820493119777,0.0012843704754871078,0.8200130457722479,0.0034053311371482074,0.008187285386446967,0.08248962602962183
27838542,0.0015646292585613255,0.0010084090106134965,0.02682421304379037,0.001688653377254018,0.0018022301358580717,0.893442441227366,0.008699428956196856,0.011385653832979788,0.053584341157379964
27838565,0.002671510864285092,0.0011862931836618578,0.7126878627522845,0.0038767143983369145,0.0012437748154169091,0.2020885182036098,0.002299491134487177,0.00781193615690898,0.06613389849100891
27839108,0.0013694225360079313,0.0032391316816391636,0.0022427511516991214,0.0009578585144804849,0.0018810251367876057,0.9603624382701731,0.016101792657494857,0.004663342950057606,0.009182237101660082
27839246,0.0006632714214286586,0.00236511726214166,0.002286267741995282,0.002728989297209047,0.0014082116951210128,0.9500596964476477,0.012593172470942167,0.006661325154201981,0.021233948509312497
27839328,0.0007108165517707596,0.003353373830085802,0.008597451514755279,0.005831996166486256,0.004884082017356115,0.9341079886496585,0.00943297895297452,0.021619765143138178,0.011461547173774633
27839364,0.0043877482761943915,0.026735666347261183,0.10732530214245009,0.09997724553220941,0.1605188934694641,0.16191684039122356,0.003883412929977092,0.0876492277450817,0.34760566316613867
27839649,0.00042471848937637285,0.031549079218105264,0.004172887432773512,0.0031478326514397573,0.016920959355258433,0.9008779968798374,0.011449345147229532,0.01448217923681189,0.01697500158916775
27841731,0.000981571193929582,0.0024839871223034486,0.006397904890385731,0.010121285597152885,0.0009518523690245871,0.04978258311533061,0.03686034393078016,0.017845569674765673,0.8745749021063274
27842419,0.00022216638429253916,0.0030750574520348874,0.0013229285242278921,0.002047918632826776,0.0018799956383093578,0.9462696881191952,0.018494594920974463,0.017837971159798887,0.008849679168340103
27842521,0.0006961845244134925,0.006529458747023721,0.001351284083152788,0.0009790826699577731,0.005277035093695467,0.9425280704636967,0.026457114898494664,0.007968890809777399,0.00821287870978799
27843188,0.010746892729157381,0.00037598523138151026,0.0011561629733243296,0.00024911493221024003,0.0002226124298525396,0.03356587923966628,0.9182757315985106,0.0015513010987433906,0.03385631976715376
27843587,0.001228862365826334,0.003793777170019418,0.0015871556708624947,0.0007961563046812979,0.0016517550832422891,0.9726697477542273,0.009173106168904814,0.003050121173613624,0.006049318308622399
27843967,0.000696734133950424,0.022665930336796782,0.06731410926428881,0.018315440549054898,0.002789541074941518,0.09760771256512278,0.026960014629848147,0.013793350673445656,0.749857166772551
27844389,0.00044737627761401075,0.011600087908837419,0.006010257344380127,0.004225321844395404,0.0021893643889275122,0.5067016986322993,0.04127206086873334,0.009633558430504742,0.4179202743043083
27844658,0.000575185586961473,0.008285023527823386,0.002155742364948774,0.002321601544359052,0.0035343998758685506,0.9422712816688936,0.019705372205882067,0.008493948774862498,0.012657444450400587
27844773,0.001126802625407915,0.005153151359568855,0.002961664076275615,0.0008781233548367692,0.0018050658660001084,0.9709056890001119,0.0078042830928108315,0.0040337149927412545,0.0053315056322468255
27844928,0.016015979357790713,0.001707652305747444,0.1549187406812762,0.003701303662568694,0.001197216896776468,0.044074958761566536,0.003103741280589766,0.011755933374904383,0.7635244736787797
27844971,0.028453793429962897,0.003204308988294421,0.24486547893572347,0.004141191145738496,0.0018876547423694046,0.2690158068035659,0.0015761469750626327,0.005939891509543659,0.4409157274697391
27845007,0.0016476434926113817,0.0011914442280009062,0.6357463347881978,0.0044246409741249765,0.0010750717789177907,0.013856276492383173,0.0005105332627611057,0.004586916776660074,0.33696113820634294
27846556,0.000745691335570146,0.0011484243401490989,0.0021212122420501828,0.0011457921560438142,0.0006966554819941488,0.9718435067414593,0.0103602624573768,0.006927251819395316,0.005011203425961329
27846603,0.0004768768277821373,0.003792422709219245,0.0025991304343026007,0.002443651071043289,0.0023250355044421526,0.9496256900730504,0.013344615468129557,0.01620994479873946,0.00918263311329111
27846986,0.17487634922602585,0.003596294847700936,0.0550941897440659,0.007038611981997372,0.009875608170793027,0.37888559763260604,0.008253615054642784,0.1216503845559612,0.24072934878620694
27846987,0.054780543899587274,0.0013887535406722214,0.008413051367089289,0.0012866780754930108,0.0013974623897921032,0.4956522041530683,0.017427078225650903,0.01675845460330855,0.4028957737453383
27847155,0.04036940428543795,0.002460426713595953,0.005013639703798407,0.0009109714165638987,0.0012920107846770444,0.3052914267405811,0.05378397433366769,0.004262613607123168,0.5866155324145548
27847200,0.01354022384502143,0.002067998843014839,0.008928610709716808,0.0014929105054478267,0.0013633290718582203,0.44204098795035807,0.006044089831832168,0.0058581008624880495,0.5186637483802626
27847244,0.0004710246121381158,0.0015436598895322978,0.001488211163263007,0.0031726603104106584,0.9815467178359626,0.001074671714112012,0.00016326381050630438,0.010004478870450919,0.0005353117936240421
27847265,0.010844297727055266,0.002288755949565473,0.009035763888097145,0.0025042716395243907,0.004551632112557923,0.3827485778654403,0.003890985291956071,0.008754528413163697,0.5753811871126397
27847278,0.002437564818831307,0.0005834803466536169,0.003640231612053384,0.0011198469953683792,0.0003767427137154689,0.047378284994221566,0.0012568706376295902,0.0023027999785844564,0.9409041779029422
27848545,0.0005806381354857295,0.0025065293507478418,0.0028002048882318203,0.0020540721677112413,0.0013848017546953192,0.9541147568296243,0.007433944295731745,0.0066656749613900525,0.022459377616381858
27848657,0.05070407797058848,0.023617131807736655,0.047307292996363784,0.08174300358452034,0.3384335699355932,0.40493333053446307,0.0036110683813330483,0.03211984885345503,0.017530675935946552
27848835,0.0008713598329164867,0.007217024246088973,0.003017872457957366,0.0034490925561145537,0.0036812002240916475,0.9454492472872297,0.012924373002879288,0.012209457836537905,0.011180372556184138
27849022,0.04747259609431858,0.0036160795383976055,0.014756567953176166,0.007860131232019714,0.004510024775746965,0.8556789549696324,0.015779038474413754,0.014619262789787014,0.03570734417250791
27849428,0.00373151522760345,0.006341527906719542,0.002687378884633499,0.00530487786692232,0.00952737964316169,0.933342413665782,0.006043910907201246,0.016722041748857844,0.016298954149118458
27850759,0.0027335934666043457,0.003835723178751619,0.11265734868063375,0.03586139849714171,0.002772278510694544,0.07463328775698348,0.009538446001388012,0.038655242244402095,0.7193126816634005
27850966,0.0006977986364635136,0.003043308164784954,0.002095021411138589,0.0016479724365333196,0.0012062161123312027,0.9694994005436336,0.006638813996621684,0.00416771385555439,0.011003754842938782
27851107,0.002942052869406413,0.0011086755917470933,0.0667234664557056,0.0028066864046763997,0.0011505711126217678,0.14668571502359065,0.003846057274734272,0.01603951850542747,0.7586972567620903
27852983,0.004698992021220877,0.014303204736806737,0.06455161489710218,0.005025464094903329,0.011056322165682935,0.8163594581215926,0.046159422727438115,0.005929396784553421,0.03191612445069959
27853420,0.0026171706616778716,0.07813513675822081,0.08101008439921452,0.199325079587007,0.30501664318263944,0.06744713397463213,0.004276742989764768,0.04546741951382861,0.21670458893301484
27853492,0.0018097345081459994,0.0008018767910248997,0.15955206842487735,0.0019542994879446474,0.0007160159841398132,0.01709830014914268,0.0010880474962487912,0.0030270234742642023,0.8139526336842116
27853502,0.0029110821641644756,0.03935093648267659,0.378727925321894,0.22969577003407704,0.02450456022805986,0.05555288961040227,0.002035465088463279,0.014596010244198243,0.2526253608260643
27853513,0.0016527905592759815,0.0028878444804997998,0.6641949566097661,0.021349667806724846,0.0022629150625550526,0.02274764041045449,0.0008634854882953752,0.013925640864587396,0.2701150587178409
27853610,0.000864082455622606,0.0058773502619585034,0.03697452968635978,0.18375735227204662,0.0019612171101276374,0.013691151133172852,0.0056572054917860565,0.017021601890330623,0.7341955096985953
27853619,0.00018735428768341497,0.0012116136335965136,0.0005889926713068182,0.0004866036080670472,0.0006664244248568299,0.9553853587041141,0.02747353611907095,0.005577861860780491,0.008422254690523684
27853692,0.015775061708191287,0.02084999290584172,0.5255190382416016,0.037822247291888045,0.05964186746155167,0.17891039715282736,0.0014831112358176324,0.02063958138117556,0.13935870262110517
27853755,0.00909290705952919,0.007093525693212967,0.2348553549822005,0.020514102580780975,0.018536413417405074,0.41691651145384295,0.001207513935035751,0.010472339869972359,0.28131133100802036
27853819,0.001719608657928942,0.0014958570149432625,0.005427222713617005,0.005813840324440549,0.0005380204094302814,0.17898396455003357,0.017810044891075228,0.014118479245236739,0.7740929621932945
27853891,0.0229384136043135,0.017681214021602533,0.17102092949340367,0.047091846461152005,0.5797561784045145,0.07036166672586067,0.002092746124969574,0.033054256007263215,0.056002749156920426
27854684,0.0007453782179741874,0.0124676911523609,0.05115395510738341,0.10696095610068498,0.013512222411249126,0.0452467506354029,0.004688651796917109,0.01499447338880632,0.750229921189221
27854761,0.0026108348416218697,0.002262130359841529,0.7095181382374252,0.016574472758231793,0.001894984090094191,0.20001172629552255,0.0035914813682203332,0.03432462455124175,0.029211607497800985
27856185,0.00026501232644829853,0.006191483578834414,0.0026757429436443793,0.002683784388957679,0.003440315479030366,0.9163606914347376,0.005834974250940566,0.03976361974638285,0.02278437585102378
27856524,0.002177665840139472,0.003601050773421293,0.0024550533855741204,0.004800745743113066,0.0009591861700007219,0.6574733076643479,0.2095118374438291,0.012813095498045638,0.10620805748152871
27858079,0.00017705926071020852,0.0007310766560555479,0.0008920784930081101,0.00041781675205728,0.00023736240750934901,0.10144339544212007,0.03186861595332587,0.0015513833705682663,0.8626812116646454
27859622,0.012622788507039613,0.0017147944004017258,0.01553331662156336,0.06052304266605068,0.0007347626501762872,0.02793546612954116,0.0076881191410790245,0.02268229486185491,0.8505654150222932
27859654,0.00032705187062527215,0.0010415788887990674,0.004108016595407885,0.0014310926565649998,0.00032252149959885153,0.024862071530450634,0.010792467183391436,0.003567257401420435,0.9535479423737414
27860519,0.0011322324629577493,0.0028079477238965853,0.004152981121610133,0.003709036234151738,0.0013223630686443198,0.9003466494675436,0.028621575275383802,0.04428946308794113,0.013617751557871068
27860948,0.0013819071555030993,0.00763858179357771,0.003806018529368988,0.0033777505883176443,0.005324324994986402,0.9466957063864475,0.012016208571744106,0.012308682548703782,0.007450819431350909
27861529,0.0006360106045116498,0.0024011610281665105,0.0023726367428406918,0.0007501095837687369,0.0008789133650844248,0.9702533903228863,0.009299953204446028,0.0028710275324176564,0.010536797615878097
27861854,0.0004407905286840083,0.007091141909872703,0.0012381291908250642,0.0012256013210596099,0.003193773855274461,0.9481392830446105,0.016593816657140992,0.008667022167213443,0.013410441325319315
27862367,0.0003362106368209083,0.33556964169821946,0.0019310114795156818,0.02006295015705414,0.044909822641080996,0.564509097015055,0.007710501301276096,0.01344888206661398,0.011521883004363869
27863325,0.0007152629538774747,0.0014348433242703305,0.0018797902347282723,0.000709094546443415,0.0009413550646796726,0.9502633489246912,0.019160906752159756,0.012011703726043656,0.012883694473106255
27863342,0.005621326234943066,0.002225620497210076,0.008789907675248272,0.0013086384182963975,0.0014477182158834164,0.9100019276870592,0.028984315331985172,0.01419738158157475,0.027423164357799654
27863364,0.00018114113518105434,0.010360763804731677,0.0008860131683817118,0.000945059344390047,0.006583675007160532,0.9567910704816538,0.004412878072009283,0.01622924717584066,0.0036101518106513393
27863492,0.0036854497005299604,0.0010676913191917828,0.007021876955320507,0.000903966332311667,0.0009780814519012716,0.9368160061563497,0.018926963960527662,0.00922925402822975,0.021370710095637742
27863524,0.0021409774782729317,0.0014201740026156932,0.0014720691831097564,0.0006111231749321263,0.0013002216011142537,0.9471758572251445,0.023579393275286582,0.006642335051856305,0.01565784900766798
27864385,0.009996093735962027,0.001204257484251634,0.02069631604206442,0.002615314961155133,0.0007387607146813495,0.8841720935614004,0.03783699457399246,0.019025313698229664,0.02371485522826297
27866858,0.017092328793264618,0.05176251880609902,0.08740311445161916,0.05972383023876341,0.009289799018075032,0.21306106518040827,0.012217247585963055,0.4521850173293596,0.09726507859644785
27867009,0.00020420306552425429,0.003054955404210528,0.0011198809798213796,0.000767955217894036,0.001813553759537586,0.9662468058425079,0.012138391582568514,0.008948955876084786,0.0057052982718511485
27867295,0.01284854913170479,0.03756495716647135,0.08222609778755087,0.07059251400036386,0.19985675838467887,0.4518861197135257,0.015356309426008826,0.05150734301294295,0.07816135137675281
27867320,0.011988362350287515,0.11177639281813453,0.029403649889247648,0.06693602603969667,0.10826577274682522,0.44166065787803266,0.012219714407754878,0.07326201400384098,0.1444874098661798
27868671,0.0006735074060193983,0.002848464102988657,0.00936524356564809,0.001496567242359569,0.0009461550189128247,0.9369946932800293,0.01325843347808836,0.015320707905831694,0.019096228000122152
27869124,0.0005568803660195692,0.01884876650085519,0.0035096970673299307,0.002374189878251761,0.008771947714733748,0.8630016816668026,0.008703317820334865,0.07903771496387835,0.015195804021793977
27871353,0.0005313388955798743,0.00544996451633154,0.005748060703149971,0.00388009454653154,0.010419462450045793,0.9322868748255573,0.01474508900638425,0.01783540906073527,0.009103705995684577
27872065,0.0013914139348383864,0.001546918647510368,0.006499974789212047,0.0032236679849299943,0.001899207909861049,0.9276174662060833,0.01980323519985102,0.0256495501351889,0.012368565192524987
27872090,0.0014267741989315982,0.001992975173059042,0.0039917176278509384,0.0016017818336527855,0.001479582376617992,0.9405531394540221,0.029611522600424458,0.00997777978682018,0.009364726948621104
27872346,0.004337504635551152,0.002766254327258557,0.0072988159323960295,0.00876619489660513,0.9120402695053196,0.001462873302733342,0.0006461142301568627,0.06083477922116648,0.0018471939488128874
27872375,0.006506620528752109,0.0072311136650715065,0.025073762922888772,0.01074919110370685,0.0083244186566338,0.8741582248621703,0.004794252856049143,0.02128301574952892,0.04187939965519843
27873105,0.0004491565349741043,0.0012758570191450877,0.0012608210391077,0.0009125251045771357,0.0007877753768401226,0.8393862554225031,0.13493673783401625,0.010220934944270515,0.010769936724565866
27873254,0.0017072526713430964,0.008734637846695483,0.0037288553769412856,0.002391786822038376,0.004864378136507656,0.9537406078470402,0.010441628868765263,0.0067911324139760835,0.007599720016692593
27875292,0.0013545248158089581,0.0013056929554515497,0.006756012266703858,0.0034759245875364037,0.000624009702989008,0.031647505948481924,0.006531563500064524,0.00351494335689695,0.9447898228660668
27875536,0.0003445539213956293,0.030470341644920556,0.0014202716603138768,0.0019739951455724682,0.011860590025729515,0.9134792742853667,0.003912145629392584,0.02024116949570529,0.016297658191603406
27875573,0.0015708624864063268,0.003237626194117506,0.056048665831556564,0.0084134005164733,0.008433146660927014,0.02287862319949667,0.0029776397608931946,0.004303368136968737,0.8921366672131607
27875678,0.000703038048421246,0.025535131329312153,0.002716311649631385,0.0017354857730541324,0.049428020598981465,0.893969355068285,0.0038869773213534055,0.014710910438684043,0.007314769772277156
27876547,0.00045572174908036617,0.0026861815561136653,0.0013848628622150506,0.0005963844405004907,0.0011929932022705782,0.9338206045253277,0.04134540750328195,0.008623919857862348,0.009893924303347821
27876652,0.0005629235020600671,0.003630090677864471,0.0011596317128599609,0.0021964541763195276,0.0030150488032353274,0.8925712918810335,0.07121788874583858,0.008862027199300347,0.01678464330148829
27877075,0.0006352128718753921,0.0022985305655646047,0.002113992109305256,0.0011701820541291084,0.0018580971377078685,0.7939777440823365,0.1643745098533288,0.020615394147665556,0.012956337178087045
27877878,0.00028062686014250824,0.0009312091850420432,0.006451876539797055,0.0004558529320005544,0.00042920282713573496,0.8587506837172169,0.027428592646491973,0.007043704992443816,0.09822825029972934
27878191,0.0016412351059422324,0.002975854997755859,0.003424014894933797,0.014632357763455419,0.8213012636098593,0.001892074759666218,0.0006414750823373759,0.15071926719617748,0.0027724565898722365
27878419,0.0010503507300593043,0.00406527088195798,0.4428864666610706,0.007109752467204462,0.0037965402436009573,0.20312251849749197,0.0322426183998198,0.034209268153387484,0.2715172139654075
27879446,0.0009192876749297927,0.00505005666341953,0.0017275730748328754,0.00897131617078253,0.003699748353669631,0.9007270642625602,0.019549574329983596,0.024166765546692004,0.035188613923130004
27880308,0.01672906240691458,0.0006047640090945215,0.002547498038391234,0.0013110662740517779,0.00028270782278111656,0.0071527139356192685,0.4276104382459143,0.004879261354176435,0.5388824879130568
27880313,0.0014288689383983118,0.0003016324519880808,0.0009272330883913251,0.00044449226316316644,0.00011884993304357795,0.0058263454020064725,0.017732756186801858,0.0016835532540466326,0.9715362684821606
27880477,0.0009047393362566983,0.0007103827752392725,0.002362408906799239,0.000610505718290438,0.00022308267430628487,0.0903838079678726,0.0950532082633278,0.002454697310922464,0.8072971670469852
27882180,0.0011936217120469494,0.0008350806592276338,0.0031082884709470607,0.0013689830777460625,0.0003845092725969502,0.855857165688869,0.0876019158472898,0.01848466499292923,0.031165770278347275
27882747,0.03055728230233302,0.04241751392319798,0.06537881249931952,0.16757472874546853,0.05150199391971808,0.09650805843361743,0.014516860717916975,0.3279889836597091,0.20355576579871942
27887188,0.5567933683771752,0.036555236333978704,0.04729354746659202,0.014234914645524507,0.041353988045342766,0.1447774541485148,0.007229300222264865,0.010465899919720517,0.14129629084088663
27890575,0.0003599056568620846,0.039581812218404275,0.0005735565135768628,0.005357114185578282,0.783477850949526,0.005437873128203317,0.000694941217577578,0.16332302729258974,0.0011939188376818386
504327934,8.264710844182473e-10,0.19296442338294528,7.179834932803773e-06,6.493051807494013e-09,0.5201946012229832,0.2340757157752188,4.696475162043053e-10,0.05275806627484472,5.7199048773515115e-09
504328716,2.915450004980378e-10,0.3697183735098188,2.7315356283752632e-06,1.2409708121274816e-09,0.11299437539879288,0.5098500783421328,2.865752820624905e-09,0.0074344274586780135,9.356680535931738e-09
504329271,8.839612671510992e-11,0.6980844641021438,8.075369723371686e-06,3.339642691572439e-09,0.05099264422646193,0.24413606388197245,1.3332714267109957e-09,0.006778746942635435,7.157527614802722e-10
504329427,3.4023608900010558e-09,0.058769440106142184,5.650254790786445e-06,6.8239248454390035e-09,0.9111001385155244,0.010453863369684175,4.379871127581309e-10,0.019670896824112386,2.6547323357635775e-10
504329461,7.490924359378173e-10,0.07355309699947563,2.4253269222994768e-05,1.0369745792194584e-09,0.014334210678504402,0.9066056626667865,8.121109468477279e-09,0.005482754481863355,1.1996970489223731e-08
504329836,1.2493365185654658e-10,0.18396972859832597,3.1864086673200035e-05,3.7148853548349835e-09,0.029676545564855234,0.783478867445498,6.052769336032102e-09,0.002842977011189484,7.4008697855986e-09
504330927,1.7612372061647093e-11,0.9201776191369719,1.3162751947226013e-06,2.1889614501173102e-09,0.057837220111357696,0.021011598446145797,9.433281668570013e-11,0.0009722434995774966,2.2984572828839663e-10
504333251,3.2592288027822743e-10,0.3085239787039364,3.3254597433027757e-06,9.952474746598094e-10,0.047005681601129064,0.6420306668740863,3.293786999790485e-09,0.0024363418701706676,8.759769170145563e-10
504333643,3.528167335963462e-11,0.4505789411588063,1.0742094904444862e-06,2.0625994110362852e-10,0.009494632747255052,0.5390632695796038,3.1015263516259767e-09,0.000862078242642288,7.191341931143112e-10
504334005,8.304020593202968e-11,0.4662332517206557,3.4636187109529172e-06,7.480279609635117e-10,0.13162776228325554,0.4002131464932354,1.913571244258301e-09,0.0019223722835102332,8.55992753194561e-10
504334043,3.1986486133180355e-11,0.373914119074887,6.094985842490892e-07,4.885128788350863e-11,0.003477314838906122,0.6223268534657801,1.7301285152115274e-08,0.00028108434887333286,1.3908463180914515e-09
504336051,6.155569296906929e-10,0.0774457685335029,5.072885428629815e-06,1.3670741699668516e-09,0.07473410830776783,0.8387185914240086,4.227624621279888e-09,0.009096450182729116,2.4563072731247635e-09
504336563,1.3583534146668679e-09,0.0362446780151706,2.570975866518035e-05,8.385253906739032e-09,0.9310141815920241,0.010861150851703989,2.541649329213364e-10,0.021854245832693662,2.395197010295447e-08
504336564,1.1544061287593927e-09,0.024864200051948414,8.477430286504635e-06,2.131232219795929e-09,0.9417730709181635,0.01133104492714145,2.323142995220129e-10,0.022023190908515587,1.2245991932259248e-08
504336738,1.477709316051099e-10,0.08635895892988274,5.093953059442136e-06,1.2245953152802378e-09,0.9083261491337937,0.003987325586697694,1.2974482961673932e-10,0.0013224655104626514,5.383992724033609e-09
504336762,5.741590457317371e-10,0.06565865618117306,1.1751907810623068e-05,1.4065660091267891e-09,0.929289763009927,0.0034268975514640952,1.832413256875097e-10,0.0016129252656972538,3.919961592600109e-09
504336812,1.3360810408314174e-10,0.07043878894762956,5.139379111990772e-06,1.511360088211722e-09,0.9266965559018192,0.001000254626728564,6.180220168131939e-11,0.0018592587336191567,7.04321167326971e-10
504336868,1.5163613001077295e-10,0.04262799263646759,5.972509073302062e-06,7.658400695059602e-10,0.9556829812677486,0.0007979508844942521,6.795824996700903e-11,0.0008851011776675827,5.39114166145151e-10
504336915,8.931457443009063e-10,0.04809221797076163,2.9318848078799064e-05,2.4279057759483812e-09,0.9461351632897336,0.004321549831684053,2.373148566719357e-10,0.0014217420062870821,4.495088465583238e-09
504336920,1.4456538317977008e-10,0.014697278185939524,3.99591914646517e-06,1.8897259705389548e-09,0.9842201998794516,0.0005240713810830566,3.414931402738206e-11,0.000554452140322977,4.2561568540738473e-10
504337993,1.8876424858830967e-10,0.17198468540295223,8.624116154017898e-06,5.698591372672175e-10,0.009295893414366336,0.8162045021545125,2.1015413886843095e-08,0.002506269578594483,3.5593830525554743e-09
504338000,2.7244768233599174e-10,0.09785468783144069,8.095608034534251e-06,6.444608176542368e-10,0.014833130678173543,0.8830263121109424,8.374974106444173e-09,0.004277761153030874,3.3264953944399436e-09
504338862,1.6446972653062947e-10,0.03619788870041379,2.641321827263832e-06,2.2123605299024753e-10,0.008393309728957306,0.9543683711930531,8.001752362383189e-09,0.0010377800270874986,6.412028796859598e-10
504339844,6.415060917097954e-10,0.1447743622372902,4.661370551434837e-06,5.966371355441195e-10,0.04945420093417278,0.804072426217543,9.168546533319315e-09,0.0016943363791322198,2.4546205700039926e-09
504340924,4.143243995478528e-10,0.1830969737772304,8.21995471883843e-06,1.901759361688057e-09,0.5560166168799707,0.2509563770697017,3.5961942725602347e-10,0.009921808203110914,1.439564420469941e-09
504341625,6.225696177827096e-11,0.50976963020067,2.625890980866743e-06,6.859160391016675e-10,0.21073056075881672,0.2766828876076633,2.9223365820393576e-10,0.0028142940314835586,4.699790352084924e-10
504342171,7.332284127424333e-11,0.49923187547837206,1.2922450866456673e-06,7.804611069552029e-10,0.35056796597207884,0.144187105964661,1.492084270290864e-10,0.0060117586761500065,6.606590736757361e-10
504343999,5.034065850890755e-11,0.40089550472121893,1.2763103534365018e-06,1.3100029345264227e-10,0.008073857415013954,0.5903689161415336,4.735134631076105e-09,0.0006604397524196284,7.429848832840563e-10
504345544,5.513957289984941e-10,0.15560551466824907,4.0727565876959404e-06,1.95122118298791e-09,0.43352622671670554,0.3972802527330438,7.413475706798613e-10,0.013583927685381168,2.1960682975842456e-09
504345636,7.538887744510078e-10,0.003229212277818189,7.720646538581134e-07,8.175863860746702e-11,0.9939327703905552,0.0026321142762848596,2.1748954423684737e-11,0.00020513009872091397,3.457079308027422e-11
504345932,1.3619804928040868e-10,0.04469579097184778,1.1485238454798716e-06,1.7658614832595994e-10,0.9389702760861334,0.015827182958108334,1.566658019449055e-10,0.000505600928990339,6.162473122706701e-11
504346223,3.201262027161375e-09,0.10640156539224892,1.095470814274452e-05,7.404448334151223e-09,0.36099016061585787,0.33781015146772136,1.7105009072990737e-09,0.1947871504611731,5.038644839072259e-09
504346364,1.414831910761748e-08,0.33053340413657806,1.0380816431761131e-05,8.409415967791721e-10,0.35437859629640434,0.30164273220471854,2.4058150777715918e-08,0.013434767950408788,7.954804706315466e-08
504346647,3.4275811530836766e-09,0.052820803771656155,9.81939237985239e-06,7.44016205730789e-10,0.7796768469699243,0.16521113515790956,1.4642710386069222e-09,0.002281379162066676,9.910195029491234e-09
504347099,1.1643225011249405e-10,0.027914660632330533,1.059033523353131e-06,2.117418483907842e-10,0.9640593210489018,0.007088351616234003,6.566902253204365e-11,0.0009366063717490883,9.034180534439711e-10
504347180,3.507729562571933e-09,0.027427910690877796,9.167058113604468e-06,7.601371336146071e-10,0.9099240235077405,0.061504825776534794,1.0256263611868954e-10,0.0011340663275340535,2.268769975674063e-09
504347225,4.977873353432778e-11,0.026256256595961883,6.428353859527621e-07,3.001706532769444e-10,0.9692730595010997,0.0038350083250765672,3.26925303747622e-11,0.0006350321170188336,2.428152769796137e-10
504347329,3.318868408778185e-10,0.014213808894627637,4.787780731833168e-06,9.428744002435742e-11,0.9764894805181052,0.008610371262584994,3.964000102614806e-11,0.0006815509405863328,1.3754965818821332e-10
504347783,1.8291540647567406e-10,0.01037395112231535,5.848480076322479e-07,7.244261527219748e-11,0.9847826914303662,0.001853481131838752,4.421983172092579e-11,0.002989291088368885,7.952536770859877e-11
504349952,1.7850790224780036e-10,0.33131440743691415,7.861982270469594e-05,1.4342762822884235e-08,0.09785597827406359,0.5663670754986364,8.515628690079241e-10,0.004383893196384687,1.0398462918430471e-08
504350366,5.895842044397266e-11,0.33461899486054636,7.079250393516857e-06,1.0560890035625791e-09,0.01256785663825716,0.6507759220023969,1.6825105916100754e-09,0.00203013939547612,5.05537192801689e-09
504351424,9.578757187170274e-09,0.053321761854312595,1.453385313372635e-05,1.1219410947416148e-09,0.30284914371786537,0.6404671775022112,4.683229870343921e-09,0.0033473617665825523,5.921966458934483e-09
504351466,9.36131704992346e-09,0.04536938868135865,8.855533507364877e-06,1.5648612853088466e-09,0.12541018371395238,0.8243967495826939,5.064511014629091e-09,0.004814792310403343,1.418739494440461e-08
504351469,2.951364567641539e-10,0.3155710594980276,1.5038966967479616e-05,2.6018292788020824e-09,0.24495160144823389,0.41988054236723743,8.956270859101242e-10,0.019581752157792065,1.7691486089883003e-09
504351474,4.150732436468522e-09,0.06293403552064854,1.55727059878073e-05,1.0149829244059535e-09,0.09315647730676715,0.8342373672444572,4.197238647239091e-09,0.009656530546482689,7.3127025689679746e-09
504351507,4.0279148492844646e-10,0.032364973536517426,8.803720122218084e-06,2.2928763983634299e-10,0.009960235070602279,0.9569537368952584,3.939911813965839e-08,0.0007122002439678948,1.0502334587869674e-08
504351699,3.431329764099287e-10,0.4183985412364666,9.931456691075393e-07,1.4567449079312925e-10,0.10775268188425748,0.4722556400215328,1.2249939591967326e-08,0.0015921284045024527,2.5688244639757678e-09
504351768,4.719319605531349e-10,0.16293659772173627,4.6700354483187e-06,6.755268631606785e-10,0.3695346123195636,0.4630568916626747,1.926608381403026e-09,0.004467223055707495,2.1308024633411e-09
504352727,9.270519609995435e-10,0.16099174480451364,2.5378177241980434e-05,8.68419211386149e-09,0.542420139664853,0.22616697189752377,9.29374591997731e-10,0.07039571885963934,3.6055609591588556e-08
504353018,1.483042357330357e-10,0.6898049326353071,0.0008870831280308189,3.1766331342599354e-08,0.1838382546776085,0.12052200912333129,1.7480016091309091e-09,0.004947683947806011,2.825279154612189e-09
504353426,9.964244276957073e-11,0.8500083679963453,0.0001417734652139001,3.738300660691227e-08,0.08105740581092961,0.06467201026404382,7.812466519281426e-10,0.004120403362594247,8.369774265697025e-10
504354365,9.754362764873682e-11,0.19839175750405694,4.210561700841603e-06,1.0827095731687387e-09,0.37918834026758785,0.4194601232681708,7.210275484250615e-10,0.0029555661973891317,2.998136527383454e-10
504355126,6.862536382057205e-11,0.7518873849715731,0.00011015093228245425,1.4206488696084471e-08,0.16036550677660574,0.08590676540795325,1.454254394779012e-09,0.0017301757085628343,4.736542341936316e-10
504357330,1.0702366194840954e-10,0.19972044077059228,1.7842301735246167e-06,5.619226944928945e-10,0.026723389102444477,0.7726124378522621,1.723710754907741e-08,0.0009419298177660691,3.207076986063716e-10
504357667,1.3215028973290287e-10,0.6011329929553091,5.722928796618723e-07,1.4367584374994366e-10,0.05479066150411675,0.34089979519895125,5.39582248592758e-09,0.0031759707637242763,1.6133703571798023e-09
504357830,1.2741958231387767e-09,0.2150683246201123,2.767837084304125e-06,3.462719378065213e-10,0.30296725265498,0.47922787195664057,2.177181790807571e-09,0.002733770143704715,8.989828440689535e-09
504360233,4.83987114387879e-11,0.6063751150709059,3.852320840828256e-06,2.2273250314780386e-09,0.211622564240923,0.17626823768839084,1.954268858335132e-10,0.00573022776911547,4.386733922163125e-10
504362035,5.4249464363903746e-11,0.9446013729529209,2.534755217658015e-06,1.7030587147506423e-09,0.020431863921578117,0.029531790485126833,1.2319676112859692e-10,0.005432435149529955,8.551216611338386e-10
504365115,3.0996396262872664e-11,0.018025133113513774,1.127858459768124e-06,4.441755815410797e-10,0.9795688590680107,0.00030875611756892967,1.517615188018753e-11,0.0020961233212000367,3.089854262709759e-11
504366525,2.4527012822307003e-10,0.16519086131559427,6.262717712644034e-06,1.234848931524271e-09,0.060188447451200174,0.7662237522785015,3.455911034134724e-09,0.00839066908274569,2.2182155960915986e-09
504368253,1.566943236763874e-10,0.4380986434172331,9.544368010807145e-07,1.5016064685119405e-10,0.03377870183080043,0.5273775336184453,5.488309497000393e-09,0.000744159602397533,1.299158116976063e-09
504368381,4.661491889075742e-10,0.15426194954383288,5.6613355027186276e-06,1.5707360540355984e-09,0.16408077717101388,0.679131575584625,1.7942402898619616e-09,0.0025200312431648375,1.2907352017215216e-09
504371163,5.818695174797875e-11,0.08016530128083055,2.3436532858453613e-06,4.809796658471599e-10,0.020877428726007532,0.8983193788810626,2.1413399337600594e-08,0.0006355235735838657,1.9326636318875112e-09
504376962,2.0340738941989061e-10,0.14959369149590762,5.855153382486044e-06,6.642357848579316e-10,0.013389826325752661,0.8357077435989781,1.3586104123279055e-08,0.001302866794111717,2.178119990104308e-09
504380857,1.972735075396808e-09,0.18133639364279258,1.2549628265036598e-05,2.3775767068197863e-09,0.22306700939969407,0.5834880753937667,1.189315613728945e-08,0.012095906123093067,4.956892058320774e-08
504381584,1.0650609778446837e-10,0.2834666626667169,3.0286266466632666e-06,1.847082446212529e-10,0.006915209617630371,0.7052957737704763,5.2970859069122994e-08,0.004319259141187993,1.2915268399513407e-08
504381589,1.1180017259457744e-10,0.06393375860756707,7.643636341727673e-06,3.551895068024884e-10,0.020886492918766594,0.9141635259553721,1.9746432302926222e-08,0.00100854789406438,1.0774466241125786e-08
504381831,2.7831306380491923e-10,0.18008590770251554,8.926288893837276e-06,1.295966919937769e-09,0.14310534700745448,0.6720750838102223,1.2489609208410067e-09,0.004724729166737515,3.2009355255526354e-09
504382069,1.0013658326341926e-10,0.571634276111743,3.732629263570195e-06,1.8569725762163598e-09,0.1517353857158618,0.27097866145049077,5.406889768326308e-10,0.0056479400183189095,1.576523815717794e-09
504384590,5.673085614525894e-10,0.0936086852565564,2.7377534708306396e-05,1.116237518565537e-09,0.0518970461869773,0.84977578133828,3.737839080572268e-08,0.004691063713321946,6.908219161449425e-09
504385383,3.3441075462975906e-11,0.049776263141775696,1.6016131680415139e-06,3.7171749438152315e-10,0.021199341834303165,0.9278043050035611,6.297970163658596e-09,0.0012184811923922918,5.116709886608331e-10
504387218,9.989007793053227e-11,0.05254677760645387,3.1390033400455502e-06,4.561375907007657e-10,0.026821397729252877,0.9182841587181428,5.102073294451254e-09,0.002344520473277949,8.114314825359243e-10
504387287,1.3161020853741742e-10,0.030138250297540546,2.0059284861276973e-06,3.1901464044304673e-10,0.02169462128675871,0.9454332760764458,5.052948199279511e-09,0.0027318402061534317,7.010423167696325e-10
504388681,1.2833497849578838e-10,0.2486870327772344,6.720884489925446e-06,2.1772423805350263e-09,0.08017696010500304,0.6675933278383208,9.301582847872349e-09,0.003535945195165267,1.5926262742211439e-09
504388798,1.6088618797781587e-10,0.08328526819973915,8.795173905803058e-05,9.040938914420133e-10,0.03586887325890412,0.8783199073915294,6.56777087388442e-09,0.0024379784703013993,1.3307716973878142e-08
504389816,1.7632244676251517e-10,0.6744522836579265,4.004694594588314e-06,1.815742490224775e-09,0.10206326217262351,0.20957530640005065,6.186226732127692e-10,0.013905139875819586,5.88297635187708e-10
504390492,5.7568192464124306e-11,0.08710852204145933,4.221596803569761e-06,3.919422866089548e-10,0.02693718023078441,0.8842097002727797,8.693609565626483e-09,0.0017403655441397606,1.1709132294529486e-09
504390493,8.906956497063061e-11,0.08815841549422085,9.030704616997365e-06,3.997363319938187e-10,0.021836622495935057,0.8877263237902945,6.3926289093114395e-09,0.002269597895828167,2.737669632297228e-09
504390545,2.859452611108964e-11,0.4584762908512359,1.0808149474788237e-05,9.206453643614665e-10,0.014081787874360685,0.5264923563422153,9.16887928059848e-10,0.0009387528912088349,2.0253766507960956e-09
504391576,4.16462479346923e-10,0.32171566370547483,1.2302581247102376e-06,2.5112467256884354e-10,0.1964802247025579,0.4800379558139035,4.435837397519944e-09,0.0017649198019984592,6.145158769652104e-10
504392332,4.911122511046439e-10,0.11144820284585716,4.787365001477524e-06,7.83947199829704e-10,0.11464116539535306,0.7714957581629225,4.619884570805948e-09,0.002410078941968973,1.3939528366362588e-09
504395066,1.919035186957647e-09,0.323828296292119,5.704140661851872e-06,5.997861276189465e-09,0.6309847055827742,0.04443459825646238,3.198644839037623e-10,0.0007466865897097252,9.015119933169055e-10
504395322,3.8811775892341407e-11,0.11477230371067658,3.8955150222000724e-06,2.1563346435784873e-09,0.8297116199920055,0.05302460573430918,1.4696800547674008e-10,0.0024875726319839087,7.388816280132436e-11
504395895,2.9453605821655804e-10,0.038753904520547264,3.0955387638913937e-06,5.039775973804722e-10,0.009784146265126381,0.9502075018547427,1.0973279873099079e-08,0.0012513388225533569,1.226472918461717e-09
504397336,1.5826457113048662e-10,0.3796151269721971,1.799778460439834e-05,2.2566947688423463e-08,0.16748142335614594,0.4493439664448461,2.9438334669980646e-10,0.0035414618701568846,5.524541299718712e-10
504397863,1.9441931562150687e-10,0.041288909635121836,5.92402334390528e-06,8.375913819883778e-10,0.022731317070965616,0.9327702974046191,4.893021065720441e-09,0.0032035445959469754,1.3449707783091211e-09
504400079,1.0241734247733405e-11,0.16635868566825981,2.9702713691456566e-07,5.842618327884396e-10,0.8303280499282455,0.0031070293853308253,1.9607845830314477e-11,0.00020593736659312977,1.0322496687022727e-11
504401003,2.772127921937953e-10,0.22257370954663935,3.605038345137113e-06,2.285539323215863e-09,0.30387299420504055,0.47114222089690827,6.675424307159504e-09,0.002407459298490127,1.7764001662345513e-09
504401036,5.306726697890374e-10,0.21346655327090577,3.498895201546793e-06,2.9655685109603773e-09,0.12866503895770068,0.6557365026834303,9.160687644399558e-09,0.002128389584025687,3.951807138462e-09
504401676,1.9952234264379162e-10,0.2530694695774219,9.679176808471471e-07,3.187058914238435e-10,0.3026958671153376,0.4418422794226571,2.9609342828523943e-09,0.002391412201942975,2.857971151646419e-10
504402555,1.5710515476762885e-10,0.45835959107920143,6.723729080995517e-07,1.0138464723664742e-10,0.08504123918375364,0.4555166840072545,2.1081190096787275e-08,0.0010817913074429263,7.09759457422263e-10
504408291,8.451250468015585e-10,0.4085965941239069,3.805015225138143e-06,3.637410751864832e-10,0.13311249709628029,0.45613393302273747,8.547864837367985e-09,0.0021531601750886943,8.100305306063175e-10
504408409,1.3466467128666477e-09,0.2968225039295854,4.384500737735419e-06,6.270996466763507e-10,0.27931324584476047,0.4193842458877245,2.8788439463489422e-09,0.00447561459931217,3.852893305309745e-10
504408471,2.053198653116292e-09,0.22512405274569097,1.5351379600294455e-05,1.210195168638977e-09,0.13240973789580512,0.6389032514607896,1.480372108428548e-09,0.003547600972924922,8.014231099540392e-10
504408632,9.281497072939449e-10,0.12882654742899788,2.44818695916844e-05,1.9335052982116566e-09,0.025550973023366806,0.8443715382177971,1.133317670369798e-07,0.0012263401348158556,3.132008691364523e-09
504408669,4.955974100818956e-10,0.11846639041818142,1.3090148003753432e-05,9.727835753612415e-10,0.024617278450192768,0.8558110519806196,2.8070731827161737e-08,0.001092158066480134,1.3974095721622391e-09
504408824,1.8870236783503933e-10,0.09668588186432509,3.223806079559562e-06,6.960087373563725e-10,0.029486568478191373,0.8719043844656725,1.3794653760239282e-08,0.0019199260470397217,6.593269412697144e-10
504408952,4.6016188268759665e-10,0.15207344563338765,4.1008290986356864e-06,2.4509704337579315e-09,0.6250506723070762,0.2200627113162171,8.347082230051284e-10,0.002809065600170161,5.682097964074395e-10
504409199,9.673916516682074e-10,0.2291148380982558,1.8740520089075448e-05,2.0323612741682473e-08,0.04524790494234102,0.7229932234342609,4.42529900345616e-09,0.002625265119959026,2.1687909093825163e-09
504412460,1.4502262400669146e-09,0.06305055874922291,7.29597177168885e-05,3.9081108158887564e-09,0.02563536382712866,0.9094720977180951,1.6204546521026386e-08,0.0017689954583752555,2.966577600285647e-09
504413297,6.543611648564533e-10,0.4633109093119103,3.6128900157583503e-06,7.351644781760377e-10,0.057079117325274195,0.47767370617864424,3.2815276090101306e-09,0.0019326477331446043,1.889957651860732e-09
504413469,4.4572394587052176e-10,0.5300256086003992,0.0012690064821954574,6.27325759458936e-09,0.02340578739630396,0.4429870366215912,1.1632570180370899e-07,0.002312283901479065,1.5395334787125657e-07
504413580,7.853150209353562e-09,0.2735794613439445,0.00013494408827175553,1.2117057691604374e-09,0.06088190511682463,0.6611889633680375,5.476976520219372e-09,0.004214708382921253,3.1581679195805097e-09
504414977,1.7318302373411235e-09,0.6576188369354361,0.008862467574406202,5.0520114492304133e-08,0.13407788278633603,0.1927913267840381,8.23552838515454e-09,0.006649416247570227,9.1847402056884e-09
504416303,5.549439926024742e-10,0.2731574903552169,0.00046829192559082227,4.317156067631558e-10,0.02663534415661612,0.6973848349783341,1.44513842581197e-07,0.0023534522970973366,4.4078664267349603e-07
504416469,3.139638839654943e-10,0.41369156966964016,0.0004309106937990774,7.162521080074134e-08,0.2544856848800182,0.2945158546304143,1.7107487059007619e-09,0.036875896697677706,9.778526979065606e-09
504420292,1.1416829838603568e-09,0.10296871496348783,2.0463626535234776e-05,1.385586858185573e-09,0.022429759685172714,0.8722903546681872,7.624263467843803e-09,0.0022906961049038556,8.001800248758248e-10
504421020,6.061278115880678e-11,0.33612659672767536,5.3060834348615136e-06,7.627363569619465e-10,0.028576812827858712,0.6313884873956724,2.3125459797341794e-09,0.0039027931559970593,6.734664275198301e-10
504423211,6.5831420166034214e-09,0.6548982319573038,5.078785296924516e-05,5.521542582047384e-08,0.18098733353915622,0.1431724466175957,2.0999460433430444e-09,0.020891094820004934,4.131445627198011e-08
504423619,1.2778197316477977e-10,0.26872177171516914,1.3534302477881375e-05,2.3040812425251735e-09,0.0401787425827088,0.6899012044506185,1.753825555945086e-08,0.0011847163262774707,1.0652629387662393e-08
504423775,1.2670291961258142e-10,0.8594307417559613,4.333772652218827e-05,1.5489137010580713e-08,0.01982274322944805,0.1189865589267794,1.0575439500358027e-08,0.0017165853063050008,6.8637046851072215e-09
504424204,3.6299532738003705e-10,0.25327596311106143,0.00015196243680602026,3.18652662585989e-09,0.02770812339604985,0.6904619599484187,3.6936979198824407e-09,0.028401963193864954,2.067057915575803e-08
504424299,7.605324851945438e-10,0.1170038425817692,0.00011409067533992085,1.1846484192011115e-09,0.012359455091012137,0.8583990126651064,9.167111750170816e-09,0.012123540115919552,4.775856015121811e-08
504426029,6.589321082983387e-11,0.011814453012337444,1.4135711777856686e-06,2.106799197237062e-10,0.005735324771606807,0.9819362075580528,5.632994232462662e-09,0.0005125947951489221,3.821090335420614e-10
504426195,1.9853346453707053e-09,0.0690483129488165,0.000293537130543085,3.3036504783658754e-07,0.9002100978312749,0.027827828436816693,3.6239276435549637e-10,0.0026198905185601507,4.2121350805713137e-10
504426301,3.361701824330084e-10,0.04366324746317026,9.248520328876347e-06,1.1156846499451327e-07,0.9486645282316878,0.0036256115543188156,1.374137160986011e-10,0.0040372520548538245,1.3359158566707374e-10
504427057,1.1863650123518206e-08,0.049033595813379786,0.0008134360204696248,1.0749454819098257e-08,0.9379889922543305,0.006290502805759681,1.8647105938913236e-10,0.005873450024882628,2.81601600865716e-10
504427389,1.7706780653759197e-10,0.01365870541341921,1.6662178033572771e-06,2.240377766240532e-09,0.9854870875050442,0.000544580144431096,1.6420019857131883e-11,0.00030795826686233653,1.8574162366559766e-11
504427939,5.273245182928059e-10,0.009118720852774582,5.9532916419994894e-06,2.1292888008331473e-09,0.9899391076849613,0.000690656319398553,1.5415351990228223e-11,0.00024555915959218816,1.9602716869161828e-11
504428006,1.0922922388638322e-08,0.09651564030354604,7.769194437682282e-05,2.4177239128477354e-08,0.6522433543161238,0.23538839442844137,6.164257789492059e-10,0.015774879093756584,4.1971679880697974e-09
504428022,1.5329347882759151e-10,0.006245315411705291,3.218239476412496e-06,2.0472493870315167e-09,0.9931254425520374,0.0004647942969158869,9.774856433076992e-12,0.0001612272718834464,1.7663810134369224e-11
504428239,3.524928088098235e-09,0.024497720741053476,2.534359566308986e-06,1.2766330546083133e-08,0.9520522994937072,0.02250993045093277,6.480272196771314e-11,0.0009374985272045765,7.147436389056597e-11
504428249,4.059920529247505e-09,0.009242019710663336,4.35187655564598e-06,1.331903921933356e-09,0.9859862131847318,0.0035901701185186816,4.334734726265051e-11,0.0011772395722123366,1.0214638650145352e-10
504428395,1.435658878297933e-10,0.035161937805462215,2.8923884971328746e-06,7.03804680106601e-08,0.9409829645408273,0.023079752385062373,6.705714392207692e-11,0.0007723822439733931,4.508666770340325e-11
504428424,1.2141373518695832e-10,0.012668484645097086,9.058701532473213e-07,1.1399521332779536e-09,0.985319678241453,0.0013942558366890358,1.866365415393169e-11,0.0006166740736306944,5.294747877089344e-11
504428819,2.1660891286081836e-10,0.5467678731495456,3.201013000109073e-07,3.4857963556737603e-10,0.29292376279604815,0.15565330818349354,4.144975208678711e-09,0.0046547294506295404,1.6088194760107383e-09
504429299,4.66882108349081e-08,0.1365799608627899,0.00011529507657918544,1.3133131595649594e-08,0.1459519564025619,0.6969878297892577,1.7141736523009284e-09,0.020364894614491237,1.718804116755748e-09
504429339,3.788409034216591e-09,0.10151973349802507,0.0001195982289985975,4.6741717041564125e-09,0.1850931292015669,0.7023960783302854,2.4478134273370966e-09,0.010871446520477036,3.3102528279257485e-09
504429343,7.491608718028704e-08,0.12589589738350132,1.7670770400203607e-06,1.3004954301220113e-09,0.8275636398638067,0.03232972932253931,3.866554679854784e-11,0.014208889955268653,1.4259579506620328e-10
504430437,1.1821218751036598e-09,0.10409878671047025,5.7205089609529593e-05,4.035198682603896e-09,0.0353802202867925,0.8569542715580006,1.7289601499405832e-07,0.0035092037400800105,1.3450171145879707e-07
504431398,1.681094319788342e-09,0.2966029624556149,1.0244503086211813e-05,7.654705709317856e-09,0.3721454221785141,0.3276081209061499,1.2509976647710513e-09,0.0036332388816187684,4.882185041829707e-10
504431611,1.0060350149494801e-09,0.41084647587387013,1.822359756143894e-05,9.799638081597781e-10,0.09750541548782768,0.49051599915200295,3.4106888308005027e-09,0.001113879568866996,9.231831990825645e-10
504433659,1.2026669818258057e-11,0.5149502857520847,5.314105052396573e-07,9.019187524708111e-10,0.3866018530492106,0.09764544803220283,9.957259485214921e-11,0.000801880705460336,3.7018364924995874e-11
533174543,0.03257197772043124,0.01953093761255693,0.02005310873094538,0.025660714882445233,0.05368700170227401,0.11948017728996876,0.018818099396329904,2.021523870584666e-09,0.7101979806435248
533174547,0.44973417341128386,0.0027566230251754296,0.008120914428529314,0.3115241781022459,0.005931409232773219,0.009381270588955725,0.0022076704566018185,1.2905142226189044e-09,0.2103437594639206
533175655,0.0023309242771002163,0.004637391653497086,0.0463499469313686,0.02527162560279581,0.004247275410685286,0.1181350770050883,0.05402053360627776,1.248742811019102e-09,0.7450072242644442
533175850,0.07994088530610537,0.019656443285030127,0.007133331461338055,0.09986327934160238,0.09942135058065145,0.5089493117351339,0.0669323773797436,9.066068979071515e-09,0.11810301184432605
533177196,0.0033128621408330203,0.05411312130723237,0.09123958381212893,0.13889343759044634,0.08334733863315007,0.027089021929749532,0.03360198537643733,3.625752721534009e-09,0.5684026455842697
533177275,0.009468650001768006,0.031767425977258255,0.013696189449277625,0.051682105108784945,0.032158620361534246,0.0164718123715884,0.04743001792575195,4.746892283558284e-09,0.7973251740571444
533177327,0.037602698013879526,0.04063024763547559,0.026820376389107795,0.038079902869477544,0.03824733614827828,0.0446551148693358,0.07529071090052292,6.23084946236386e-09,0.6986736069430731
533178326,0.14746733183692093,0.02979238285995118,0.000614888847826784,0.021884345311404207,0.660495184930449,0.08771268481539629,0.043757539275975935,2.6582246771354054e-09,0.008275639463850935
533178451,0.4285035284118238,0.04066667222290852,3.071409043811654e-05,0.0007275624912476396,0.503963411417842,0.020838370882075474,0.003668005162431049,1.3408104156278542e-09,0.0016017339804231985
533178511,0.8767358444801311,0.007611444564087625,0.0013826924901580535,0.010441987741547717,0.05466217316841173,0.004501600928748319,0.004643764662802464,1.2744871643101598e-09,0.04002049068962582
533178855,0.02856926866135207,0.008785552087456943,0.0024374630342256305,0.01030508043579958,0.9346634929268473,0.005946506019422344,0.005274846650822021,1.0670888468925328e-09,0.004017789116985312
533179869,0.001376120601120483,0.09906326872297025,0.0002499260332628131,0.004662522557936549,0.29475334189565755,0.44199697211769917,0.14869857887595966,3.36966425389102e-09,0.009199265825729245
533180924,0.9624518445573146,0.0019699951335563123,0.00010152425662162468,0.0008414315726462492,0.004866130648755417,0.003349105224253075,0.025269297671628232,1.0246047761115297e-10,0.0011506708327640265
533180990,0.0015563066972517675,0.02529598917254377,0.01157772136183088,0.03131667685345257,0.9211766829759658,0.00381845822353525,0.0021496005249173416,7.58821061463496e-10,0.003108563431681645
533182136,0.0013893233163267743,0.0009163861948241366,0.0006181431668469382,0.001327098655815895,0.0010374600291987157,0.7352662640228671,0.2427109179803913,5.34460605889357e-10,0.0167344060992686
533182633,0.0021648038002145616,0.007376703617301443,0.0005952364432327411,0.3810784985742768,0.6026771735507505,0.0041852894088490866,0.0006283617053713826,1.1182282280649093e-08,0.001293921717721389
533184860,0.001196505949838493,0.004145924637987124,0.00010504335911697302,0.0034658294537138904,0.010805950673676384,0.8081853524072765,0.1653735636762478,1.5756088328514258e-09,0.006721828266533927
533184862,0.0003037193354703394,0.0013459831746119972,0.00019885019959829683,0.0016533418896297343,0.0009819993329816422,0.2522309612842515,0.7273789945154598,5.89150266310832e-10,0.01590614967884635
533185108,0.0007758073124742684,0.004176846042971899,0.0002611512108680008,0.004835578170582598,0.008180339624507123,0.8046122671579646,0.16824546746802369,1.9482466905846414e-09,0.008912541064361075
533185721,4.689695159632689e-05,0.002436787708841655,0.00010546799045328155,0.001290662495978087,0.00134027223385611,0.6357982896595089,0.34837609958750243,4.889023676303185e-10,0.010605522883360793
533185873,0.0029317575373331,0.033549895938235756,0.03464933199973401,0.0302254878672761,0.0134353886033477,0.6795979690222035,0.13614675921014044,5.706517363753006e-09,0.06946340411521212
533186174,0.008150962633493294,0.04499732632487458,0.04445485688556032,0.030400980512574345,0.02591854398065829,0.6367631940923193,0.05472673763683669,4.465076259923149e-09,0.15458739346860684
533189525,0.003554928847393928,0.0039137651722599845,0.02411007140349803,0.8763016349655015,0.042677501118298065,0.0015849140806037856,0.002313170946298459,2.627485915991808e-09,0.045544010838660345
533189863,0.0003172000079761365,0.00656957676167163,0.0006141614633602818,0.9693789589316453,0.00917863912568474,0.0017047089229942512,0.004274172495521033,2.4988380605359523e-09,0.007962579792308687
533191217,0.0005290865198021558,0.060831270471325034,0.0029050051478432047,0.022146009452996804,0.0054301208472596445,0.3588535854251154,0.2864775395227269,7.441769004620678e-09,0.26282737517116167
533191451,0.001641720349740824,0.0017565964985605535,0.0011854551606642004,0.0033723027559177292,0.00040963200103573974,0.03265231699692459,0.24577147948798697,8.843753167689778e-10,0.713210495864794
533193707,0.012989048731548129,0.04239137291786399,0.004185381270679712,0.0216645887700141,0.02931690977066366,0.682135248741806,0.14015071496780213,5.046075651174323e-09,0.06716672978354662
533194041,0.010031625825026163,0.0107722826450316,0.003662034228033394,0.03458685896118504,0.011444932038530212,0.0579551048342763,0.20525686577549945,5.681292865398145e-09,0.666290290011125
533194885,0.0009547302104375206,0.07613190977770266,0.0010022215560764717,0.010106492099611484,0.032438773361027476,0.6268946716053251,0.22015961243107865,2.4673447785466628e-09,0.03231158649139583
533195438,0.004632182248271599,0.0022322865228405707,0.004692284219038192,0.03751840547942447,0.003552043885301278,0.007089644060631788,0.01495889395934933,1.6892751149768206e-09,0.9253242579358676
533195444,0.0016972711676063441,0.0010343694437836178,0.0036740504168219245,0.004344095950319309,0.002016360098134456,0.003989575176711018,0.012869079690091753,6.059637979920361e-10,0.9703751974505679
533195449,0.02494248261797745,0.003230762387786564,0.003018484085769091,0.02054075298332837,0.0027623757116982104,0.020615936299068837,0.06575106769940715,2.6989063712035216e-09,0.859138135516058
533195473,0.0007494529602134994,0.0012637798530370085,0.0010131258133451568,0.0010606620205312113,0.00026136019152017665,0.09979535165676935,0.25683242916853805,1.6243511440734134e-10,0.6390238381736104
533195485,0.0028826127271281855,0.001405548062260222,0.0012499659284227692,0.00965574949149745,0.0020775478420036915,0.022121589015216048,0.024251418094857508,7.957102372813088e-10,0.9363555680429039
533198040,0.0010028536976270466,0.010621469830008173,0.004307577589046976,0.010026334962193508,0.005235069374858127,0.7200323684321566,0.14708032472659416,4.645286476250346e-09,0.101693996742229
533200264,0.0010661054382812636,0.0032730245584406967,0.009337991124330357,0.9346558632011503,0.008360746316432925,0.002455637289304121,0.0023966856329265328,5.150217269507511e-09,0.038453941288916424
533201480,0.043399768525620906,0.06533893280149546,0.0035896683839780237,0.270582608315433,0.11952855009611808,0.30308540431039444,0.015446654139206355,5.681874675088119e-09,0.1790284077458791
533201498,0.04245754882412414,0.02009861344220645,0.004455374964087996,0.3042237286644072,0.19993633720059467,0.36479836976003155,0.011540305819474697,1.256564609677352e-08,0.052489708759427205
533201854,0.0015858718933039243,0.15332320176297837,0.0028618111791758665,0.5086475922799488,0.15467504083074354,0.08929201429976069,0.004014745382551667,5.1559919297405914e-09,0.08559971721554523
533201920,0.0004371187811922731,0.1501631207722812,0.0029364407912756533,0.6410030892310606,0.017818531846540968,0.12251643037402066,0.008309091159314093,1.6776219172603018e-09,0.05681617536669271
533202120,0.0006955631968237448,0.00952384565863268,0.004316122374524899,0.015113472962882879,0.020762852078536204,0.790656875305321,0.11004465620677778,5.5271288506983805e-09,0.04888660668937199
533202555,0.00048231471000726405,0.0038870456138888096,0.00017688672748685013,0.002957300429021629,0.005476781744188165,0.6869777304027114,0.2937566753023091,7.875925966258461e-10,0.006285264282794265
533203002,0.017803176269371546,0.013744710036152187,0.002818798794591842,0.23048499277106468,0.024673492630430276,0.5698222105061863,0.07828508010710615,1.3501646853098891e-08,0.06236752538345016
533203019,0.011459590218336358,0.013114492259559362,0.06899866344787468,0.6569318469413635,0.03081540440329502,0.012960977236643786,0.11016732947855926,5.555892387599716e-08,0.09555164045544401
533203438,0.0012608436332577709,0.018880156204055528,0.0021310548135599953,0.8325487580509562,0.0690430338478689,0.0041641834005014975,0.009733485127639623,9.686922769245892e-08,0.06223838805293266
533205437,0.000855303366474438,0.010726767192390152,0.0015767313380150173,0.01034414573089933,0.005754267881027962,0.6391692225486064,0.28151997401727125,1.6600125017530818e-09,0.05005358626530298
533205770,0.0030182907555859617,0.006977598394267043,0.6533112504400864,0.260737384693341,0.00939345984329288,0.02796688206925719,0.013558947057300342,1.2199175529034346e-08,0.025036174547693635
533207497,0.006766205103514502,0.0043755981723813215,0.038190382698483,0.024617210812176386,0.005513248873590138,0.8481520989609678,0.03061432402750838,6.1540276222113245e-09,0.04177092519735087
533209071,0.005845501771078086,0.002601386190271373,0.004921548632679238,0.005557886868468454,0.0018404935395101491,0.19330110439364764,0.5867341672842652,1.4663715822285968e-09,0.19919790985370806
533213890,0.00019588286482058326,0.04429140325940646,0.00047641253211255997,0.017209331435382842,0.8806193857612948,0.04837983029571294,0.006001092129943771,2.686399571298606e-09,0.00282665903492642
533216743,0.0004744466795837798,0.028476637357117817,0.0030055078248627277,0.0762969068234693,0.004661237604161256,0.47388711938304784,0.12638485313355657,1.4006240295016977e-08,0.28681327718796035
533216785,0.001167982512550994,0.007832247913626997,0.0005814510966319061,0.010138157572221126,0.004568810987098218,0.6652172034307439,0.28373738738729076,2.216808146467136e-09,0.026756756883027977
533218853,0.00022370235197856627,0.004336943477712637,0.00032090141888895305,0.010472684379501654,0.9817243716818057,0.0014396284264187346,0.0007559344306615112,5.751382605463708e-09,0.0007258280816495692
533219145,0.00012698089169444938,0.014847957502487722,0.0003868133274236521,0.4603696485548974,0.5197689967764536,0.0037697060103967133,0.00024590986628062936,2.30674050177489e-09,0.0004839847636253221
533219629,0.004501873322790482,0.005960734282543713,0.0006464594861379388,0.006786726455340354,0.004560333158230398,0.24705196741009272,0.7226310582874045,1.4403805552598578e-09,0.00786084615707935
533221725,0.004049864676104537,0.1359986288946474,0.033103373338927065,0.093645640095081,0.005637509941120924,0.023307648264468094,0.06934256388609486,1.460237340791321e-08,0.6349147563011827
533222260,0.00028121277245954184,0.003450606998867084,0.00011624261482902907,0.000327481147590858,0.001155508423643443,0.5045992380060996,0.4857909224276082,4.3787126739094856e-10,0.004278787171030862
533222765,0.00012930990736159523,0.2786687304903177,3.054665188797344e-05,0.01570536208454623,0.7029041341578961,0.0018149663680653138,0.0005243494158655729,4.1209692544615734e-09,0.00022259680309027184
533223218,0.000557194127971692,0.005345061084044837,0.0010106244262044438,0.05620604231260641,0.9342050174793861,0.0012434474228771213,0.0007125520733083583,9.310762971180068e-10,0.0007200601425246814
533223882,0.009072348515782761,0.028278762906682305,0.0002518101604969556,0.017485001836047866,0.5892455302326777,0.3038225193373656,0.012856593877735306,1.9584571285635112e-08,0.038987413548640375
533226274,0.00034996715928854776,0.08674845669678254,0.0013866200188810678,0.8204377037767518,0.04812574138290796,0.0008637763158388188,0.0033444207489187567,5.599507389402538e-09,0.03874330830112312
533228737,0.00015013895514436856,0.00023809139963881868,3.474668576756996e-05,0.0003191913130715863,0.0001906818828367567,0.0005986280921700538,0.9921288622937621,7.557158336890095e-11,0.006339659302037243
533229360,0.020974746811880437,0.014480321387229936,0.010785710471752124,0.7042406754418034,0.06958384184200549,0.12140637525714534,0.027547790221942405,4.7802012150814544e-08,0.03098049076422874
533229362,0.3339210889642413,0.013505173759130198,0.00039267281722973364,0.013451797991491201,0.29128399232180163,0.22442908272250545,0.06511323495849364,2.0159889262702396e-07,0.057902754866214344
533229379,0.35812279339061104,0.015590353321786841,2.2131368529277897e-05,0.002808284340612776,0.39847505967943475,0.16773954705637073,0.01204339949455941,9.614916564288657e-08,0.04519833519892954
533229787,0.005193526901430818,0.03920881864125324,0.0028160853076005313,0.04647495981160036,0.14721049250290796,0.5312719816121477,0.024345491398830955,8.027689362159372e-09,0.20347863579653905
533230002,0.0008067641360284165,0.005527263514839966,0.013491509291340591,0.019823552945861744,0.004225964279104502,0.3458679130772828,0.02276232370793251,2.6519294292043247e-09,0.58749470639568
533231729,0.0012422039325602878,0.0071133496067788005,0.001707594572248747,0.011426460777720327,0.0010287589170351818,0.4490490474907854,0.3633651789758089,1.2032032422616161e-09,0.16506740452385907
533237211,0.00020424445884760026,0.0010766253829754416,0.00022896572891984975,0.0011975813029757012,0.0009682890840510746,0.05010122267259036,0.9336149771927599,2.779372006538168e-10,0.012608093898942992
533237330,0.0051564971295514845,0.02144499169875551,0.01173244067828998,0.125234180446351,0.014270612802569476,0.7009668569069538,0.08348991315085011,3.1136944583096223e-09,0.03770450407298419
533237348,0.007734021802283193,0.034383068059715964,0.00669970658549649,0.2151190472852105,0.024603587071179708,0.541490719913961,0.08667601661255389,2.457602910221725e-09,0.08329383021199636
533237744,0.001906594720340434,0.0019325944331675022,0.0010122098258270565,0.005200489821551967,0.0025201651318774864,0.314142948610851,0.64019733315726,6.840335183320833e-10,0.03308766361509106
533238082,0.001466073950398853,0.007891189516798288,0.0014387267160759737,0.05489730768989718,0.008851391951055776,0.7922030350225208,0.08885073827249285,1.2112768692932502e-08,0.04440152476799167
533239437,0.0010742905853207373,0.022241832990379625,0.0022633044870639177,0.8677878526281426,0.05075687193945799,0.001642820486433887,0.004975771202170621,2.1835655657696814e-09,0.04925725349746489
533240180,0.0005202869116263143,0.01029362392720172,0.0006297386722372714,0.018303926459898905,0.00962236586002438,0.15458777861342857,0.7947459499073167,1.99395643713296e-09,0.01129632765430967
533241288,0.0003352380968005523,0.004855970922278879,0.0005929787528509677,0.0033157470557768666,0.004742952687049018,0.737661976572329,0.22246972297186504,2.537746490634313e-09,0.0260254104033032
533244189,0.0015094266094589999,0.0439658540383023,0.0016023014859001242,0.08510213878389267,0.012587197089020763,0.07844173057253209,0.22813982702697838,2.687620660724481e-09,0.5486515217062942
533250633,0.017686968175922683,0.0020452417717951098,0.00042464059258648943,0.006283201893735565,0.0032552702116584514,0.21549652472450823,0.7518912295263325,5.260121252134651e-10,0.0029169225774490154
533253042,0.0008031631660421937,0.013171192780101421,0.00043238393249584703,0.014433673258752569,0.007938509559599828,0.7134899173701594,0.226719511561794,2.2313927710925023e-09,0.023011646139661886
533253303,0.0002900655457432656,0.21171313971886815,0.00022556364987694907,0.039581864781002264,0.5145600303478949,0.19150486971404349,0.03610323779233353,3.049164396682266e-09,0.006021225401073124
533253452,0.0012657793484972153,0.2055392677260975,0.017628836323795086,0.07553276065033322,0.009942913669612658,0.2664841477678178,0.04831958123763435,9.342965798493162e-09,0.37528670393324626
533253763,0.0004374256799773875,0.027594547327921656,0.00035064165998907143,0.006405715782453766,0.009662959184186245,0.7475901398003899,0.1930201369247793,1.7579423257899825e-09,0.014938431882360341
533254077,0.0528498379578824,0.0021946762590809563,0.0024734153563342265,0.008088432914107137,0.002390869128657517,0.16065875802074425,0.7476143015329941,5.208931226340595e-10,0.023729708309306288
533254248,0.00032224099133100893,0.05404107183750908,0.0004315531124697187,0.019144769896759322,0.011184793502994738,0.46651335698702373,0.3579109942674953,2.935432568083323e-09,0.09045121646898453
533254312,0.00022705885739787848,0.17245010958799128,0.0026378139228340394,0.05109500736678451,0.007818448969828655,0.4374226789425852,0.08094939059332883,1.9595169233940133e-09,0.24739948979973267
533255422,0.14311676076975835,0.014842664166294142,0.001033033145244815,0.03807374008040935,0.7680487689284227,0.022316078978581844,0.006700938149162275,3.860485886755864e-08,0.005867977177267835
533255667,0.00044806314434307965,0.05142436619403725,0.0030244700837528194,0.03750543556778046,0.026094758939052918,0.6116037823764648,0.19185177522335575,1.3259628567860387e-08,0.07804733521158425
533256459,0.0005224015808506141,0.07685062048711173,0.000745488511064969,0.03188944170919421,0.024153620398217966,0.7924817546316032,0.06311922215286916,8.990719649859386e-09,0.01023744153836852
533256851,0.39485949926679353,0.010448311331315492,0.0012257609263442524,0.18171370226057804,0.018648915323850757,0.059552484036689356,0.003989899580222563,1.5692425192747236e-08,0.32956141158178087
533256903,0.0020457514126395455,0.04599584895627315,0.0017833890487354133,0.12775702802856517,0.6346034663528076,0.15972549519070148,0.004753179864524711,8.893523647626134e-09,0.02333583225222927
533257018,0.0009629227299090039,0.0007855291226001752,0.0008880291624597453,0.0013413364995675896,0.0005624666094268048,0.05612903787281006,0.9145041815605853,2.1052115992604986e-10,0.024826496232120045
533258669,0.0009362946826093563,0.03323239145857295,0.00044674858092452876,0.014519726135977167,0.9016698418919056,0.043474651673817276,0.004075672239140209,1.3856954977680058e-09,0.0016446719513575486
533259172,0.00348021992321983,0.005011964300133513,0.0012815482669335998,0.008706575572462313,0.002628571547881657,0.6159910064748476,0.2757921827612919,9.527962913504709e-10,0.08710793020043335
533259912,0.0002572223983424385,0.03187114931951646,0.00044684331730642386,0.0177873657425549,0.018927362733833122,0.8122306829874858,0.0995630309995661,3.3322579090439296e-09,0.018916339169136938
533260880,0.002122063238139666,0.004589720619016269,0.003249097914804683,0.017632871057399448,0.001918014252002256,0.015094520226761577,0.08914975506242287,2.2847884631392365e-09,0.8662439553446648
533261570,0.003762334472192141,0.03009162784944645,0.0018022197433656263,0.0404537533409687,0.6457722711122854,0.26939534902807066,0.0032437076212428776,6.431108965765725e-09,0.00547873040131915
533261614,0.03625105197953978,0.00044463622553294317,1.9461241083384687e-11,1.098242297027544e-06,0.9595549019990467,0.0028117194225650566,0.0009355074987504793,9.21811830865719e-08,9.924316236539838e-07
533261629,0.009188907186018096,0.015738161824754637,0.027485716194947753,0.15433015698868113,0.0949851760105836,0.6553302402358161,0.018130075614982304,1.1446246788507746e-08,0.024811554497969627
533261746,0.006157851173871603,0.00013982545224569106,3.208068028526465e-12,6.15795215827556e-07,0.991533118354463,0.0018606916751632817,0.00030765287588968576,5.823647373891258e-08,1.8643346894401056e-07
533261929,0.000335554480661088,0.000366818026521792,3.080472890556353e-05,0.0003501619554037396,0.00034786590019653894,0.00877772455712059,0.9871309534424053,6.427626153370093e-11,0.002660116844509111
533263406,0.02214009513372014,0.02498021135919178,0.01166755452192987,0.0942314478342222,0.03539089666736926,0.6375931479052575,0.026749311961126,6.393504476381668e-09,0.14724732822367892
533263420,0.0018857398973075295,0.2720441338083753,8.561022890846838e-06,0.00046753566093668634,0.37887450785475024,0.32583120226164847,0.01959100540573731,1.7795888018070833e-08,0.0012972962924656082
533263423,0.12005498184421332,0.04248234729813129,7.99264721732875e-06,0.0015482275722678452,0.056618353405467364,0.3177967412480763,0.45978560281064945,5.4580273324876424e-08,0.0017056985937037878
533263480,0.002241570241027262,0.014129103344688558,0.0020470259821444526,0.007368072139372109,0.00800910968800778,0.7756452955462213,0.09461825584802261,2.859989256308609e-09,0.09594156435052655
533263558,0.0037004327785623526,0.055447971593875454,0.0012930577797226005,0.011897174069081983,0.7004100884299072,0.1922265692749258,0.026096334275519727,5.619701324302483e-09,0.008928366178703614
533264115,0.0010727905166224793,0.009737765443355865,0.015590755753917069,0.09632585217745032,0.019712680014024153,0.4494143838485613,0.01885993506622829,3.715556307248499e-09,0.3892858334642842
533264152,0.0025434693909563975,0.011545624809529623,0.005522916650621832,0.056030622565981736,0.031993660230233194,0.7314711456244499,0.02566646139055694,8.98970281208148e-09,0.13522609034796748
533264250,0.001252588873444058,0.004313164802334366,0.01401939253412731,0.3852377376554373,0.006062048481577166,0.036839738311270916,0.004313186400219358,5.353279480507207e-09,0.54796213758831
533265339,0.0006579334710216916,0.06041602405237727,0.001196058195379765,0.0830353999616593,0.6938988993606806,0.08339830907365414,0.02778151009339372,7.484017735149229e-09,0.049615858307815855
533266269,0.0023140914285373136,0.03416450680425185,0.0005705932756433608,0.011319727497509912,0.045473510204826324,0.8084003852164455,0.08705614266093516,7.388490654493511e-09,0.01070103552335979
533267244,0.0017059041047400216,0.005006948044607796,0.001730980346627368,0.015058443510572563,0.0010854376201110349,0.46032885355678754,0.4427050135475425,1.0969485780996778e-09,0.07237841817206268
533268969,0.0005729809017824686,0.021587014461383804,0.009739557382485988,0.044095556308023955,0.010319386315673916,0.06779060613468493,0.09826943600593954,7.174547060139097e-08,0.7476253907445548
533270675,0.06604845880808553,0.014878178136624735,0.0030812148600874462,0.5667385455738192,0.034185232412335724,0.17362867055004788,0.030182950352141375,3.8061211863113593e-08,0.11125671124564629
533270790,0.005815245805692777,0.00555181211291111,0.009683774921256138,0.8764330831708192,0.059321229362208926,0.006816178410987192,0.003477512059955721,1.7810826580854254e-08,0.03290114634534231
533272000,0.0073087817780525715,0.00703876529721171,0.012454905766542634,0.042480652283348755,0.013987139000292872,0.2430512390703794,0.002412162598400529,5.7004399428171145e-09,0.6712663485053316
533272060,0.013841637778574493,0.02164321618712341,0.10969086277738457,0.3640839682794385,0.14902195248036518,0.15844926828627454,0.001620833588580224,1.2146910722997366e-08,0.18164824847534836
533272113,0.020569383071953194,0.03354034052077794,0.009701216154239379,0.1956290348701347,0.37131074922035384,0.28137591012679647,0.003120215155541112,1.7583597793955495e-08,0.0847531332966054
533272261,0.05680913975232813,0.004562915657059,0.0016511176145660518,0.011864790547436043,0.007377023670649736,0.580430046218094,0.2607767184730367,8.768052418141758e-09,0.07652823929877811
533272274,0.004760641001848246,0.001329793678785179,0.00028990189966025137,0.001078033158593582,0.0003773771789833654,0.5642227541546525,0.357842827495719,6.25172798928577e-10,0.07009867080658506
533272328,0.01454850700023125,0.004536348827009436,0.003306266415971114,0.01419585617817335,0.001560802892247384,0.41210448284160567,0.05543849268072676,8.488316417972022e-09,0.4943092346757185
533272940,0.005415310602591599,0.013477729155137754,9.103002692553268e-11,2.740213557505691e-06,0.9673249938167319,0.0042913981484777545,0.009486958360320284,1.142080360252963e-07,7.554041173314516e-07
533273103,0.0020252761942990104,0.05256998467462422,0.00021999647931492895,0.013819043092101184,0.9126526295402702,0.01139181982154704,0.005295350088468471,1.712007648539772e-08,0.002025882989298511
533274934,0.008526333045064609,0.011490834028177896,0.005880509531944841,0.03566273544475577,0.006017486908664319,0.5760622955709945,0.24442109816690824,3.7155131869181456e-09,0.11193870358797654
533275430,0.006998012305894773,0.0351899126383702,0.001657471950788019,0.09566495773357851,0.1032627400032186,0.7085704615430033,0.034428726588450705,7.77752585495225e-09,0.014227709459170124
533275817,0.004236270799175075,0.03150135991190174,0.00984341708077308,0.022146572049363895,0.16926590566379834,0.5606554137228793,0.04407220796169134,2.5348495569453516e-08,0.15827882746192182
533276098,0.00019926420307100475,0.01285551870192626,0.00034750209828610746,0.005481675937123115,0.012837974714275434,0.9224169113416044,0.027376900184403946,3.122490660938663e-09,0.018484249696819114
533277381,0.0030060459562729677,0.013773799130239944,0.0005310143262750318,0.009567564691984148,0.013242074638828587,0.8865196896662084,0.06677254605742516,1.1802648540516256e-08,0.006587253730117247
533277492,0.0006308575335886511,0.029300876535745958,0.0005910000381119294,0.007427728956910724,0.013850822221147288,0.8839644843713012,0.052957051271203356,7.484072937564354e-09,0.011277171587917948
533277542,0.0015188063903917913,0.012531225493714578,0.0002960207350930425,0.00466775435773181,0.010525216028737542,0.7503090393977835,0.20932106998380096,8.162442902450692e-09,0.01083085945030397
533277609,0.0026779781137964104,0.023344808623366357,0.00036453326325831033,0.010931629199704907,0.025190892811630283,0.8562371667916691,0.06286042265752384,2.0372318177368184e-08,0.01839254816673266
533277621,0.0007629310718869325,0.041773267615764866,0.0003848093715290594,0.010924124047180201,0.06488262141972208,0.8607559820267273,0.012276674603836097,7.102812328691827e-09,0.008239582740541181
533278764,0.0010236590393700904,0.056226393964765795,0.0032433091531853357,0.16111021728006494,0.004137173122234486,0.10323280089595135,0.13587646390940064,8.057201321880646e-09,0.5351499745778261
533278814,0.004479193086315768,0.014054441577547953,0.001040971147963161,0.059364597271983996,0.004172699646735145,0.35657625883853034,0.0962527989404104,5.257825676025765e-09,0.4640590342326876
533280122,0.006800269421836941,0.07834144074614213,0.00270163349922861,0.0377069948273367,0.7691776022666854,0.08843179420832895,0.012038825814852838,9.063424038201873e-09,0.0048014301521644796
533280233,0.001511977473977123,0.005864157676502151,0.0007775899419895832,0.006859328477087523,0.008843734595186165,0.878571494334306,0.088875363366716,2.482969530993908e-09,0.00869635165126575
533280441,0.0006577542255778122,0.11611279939660107,0.0015744712162156862,0.044465838527129556,0.06217408804200208,0.7432123628363497,0.02591408759478506,6.995558791002351e-09,0.00588859116578037
533280749,0.0009087786207489839,0.1145712313497292,0.0024150528318038346,0.02062389745262416,0.7365454012317821,0.10431761611040577,0.016663947384752888,1.2594086077662762e-09,0.003954073758744363
533280981,0.02629697567073823,0.006131990314341183,0.0028606289248616136,0.02408065153541885,0.004755618465215628,0.2585146392449032,0.630176882786903,1.5370190390223283e-09,0.04718261152059937
533281468,0.04797944902596393,0.011937916788619014,0.0007510097943474587,0.16523746040366166,0.019499074588419207,0.534699125633537,0.16725849489088235,5.299780719482079e-09,0.05263746357478855
533281489,0.0018130502260031787,0.023144730395515813,0.012802444074995412,0.06452639125989126,0.0121463886892409,0.6781955289302678,0.11985139003295418,3.282124080498622e-08,0.08752004356989075
533281642,0.0008365685883773711,0.0008090477820045833,0.0001621082004785799,0.000329111325796433,0.00023018914616388473,0.3489035263798625,0.6356383589570512,4.627469526402159e-10,0.013091089157518441
533281773,0.003267804142399538,0.021118248265379187,0.0014819379493512931,0.03768268309240453,0.020698093921463833,0.6583022312083501,0.22486210775823492,2.0808093380924302e-08,0.032586872854323136
533281941,0.001050640685485491,0.04076896289160741,0.0024779417094470935,0.017509944693094904,0.017055362747745346,0.6270594113812143,0.23869937099576558,1.0876625810546106e-08,0.05537835401901406
533282091,0.00039838230387779643,0.08186758527921933,0.0003062383040729722,0.007908620413730973,0.061955619643776,0.7585937655408598,0.0823487773854973,1.1518975492928712e-08,0.006620999609990348
533282290,0.001489852224542304,0.004067291869538341,0.0004369703034692016,0.0009422036376559563,0.0007697052369626104,0.3552666543852206,0.5367898975277383,2.1281337619302665e-09,0.10023742268673887
533282297,0.000747016589943357,0.001509272373127555,7.171174091280469e-05,0.00018281489688121703,0.00041409011743359555,0.4122657942070434,0.5814532463219543,6.438126804801261e-10,0.003356053108891009
533282531,0.004609166425212438,0.021399565021880354,0.0014925631229054204,0.00923355998542659,0.011081067193303509,0.6574478463567573,0.24547154700259485,1.098910507095796e-08,0.0492646739028144
533284501,0.0004887743492090393,0.030037964595905783,0.0005096641716539529,0.022359056422644127,0.03155984538090328,0.8413146908350383,0.05972778931952732,6.644332263823693e-09,0.014002208280785994
533284750,0.0014009680745059171,0.022675014608700625,0.00043004407930215705,0.027098342866136212,0.013224854212870578,0.7192102927077997,0.1507108458314159,2.9713605495263065e-09,0.06524963464790842
533284961,0.0006605344372734626,0.004674702272253384,0.0003645118967375334,0.006956955070119331,0.0024588255758583063,0.6242493814086181,0.3205794756754788,3.1731536107559237e-09,0.04005561049050747
533285180,0.0007146459000360134,0.00873278054463792,0.0012145283366829446,0.017451154032299986,0.01020100502283763,0.8020835082215357,0.14260839171076004,9.36047894928945e-09,0.016993976870730863
533286573,0.0011365734055509718,0.03162201373212443,0.008812525052428216,0.12945918644898205,0.23186225064757762,0.5610500006731394,0.005785964573412616,9.068579207608075e-09,0.030271476398205578
533287602,0.0019051927301219195,0.01978442164122927,0.0008567126014851786,0.02501290333954347,0.015105028057126326,0.6533924383357474,0.16030196253643,3.852176475071738e-09,0.12364133690613988
533288236,0.0008631037582747088,0.00096672413918885,0.000455048599188347,0.001539282372329671,0.0005681575278370176,0.010042197058766215,0.9560741539768476,3.519766615795637e-10,0.029491332215590967
533288718,0.0032321519529867754,0.005309785036201548,0.004365773697504376,0.03379467252777026,0.0014571515462904448,0.23135693176698513,0.05792965808971391,1.2579602518537235e-09,0.6625538741245873
533288743,0.0016521111784559648,0.046393470308539235,0.003910803690263776,0.02252631903922258,0.004628459640229209,0.014588391757286356,0.2642629762451986,1.299647218922439e-09,0.6420374668411569
533289020,0.005026358672123776,0.004823455197014025,0.00033653244353179333,0.005927174729866959,0.005143611835108025,0.20637461949811625,0.7362172296127277,1.7228698128564096e-09,0.03615101628864168
533290582,0.0022738610299047578,0.027587123677318692,0.0032563843558302327,0.018134350450602826,0.009449373343727386,0.722174391915532,0.18193308570274336,3.587853705178681e-08,0.035191393645803724
533290584,0.0008557270118322545,0.01975996719859834,0.00517021583031817,0.01802765869707186,0.012044386701203134,0.8157142588440212,0.10017891638099168,6.48559877097542e-09,0.028248862850364518
533290817,0.0005757118378675149,0.16500748275042218,0.0005839274583038427,0.01838650235586046,0.07667916078367329,0.7107904576016099,0.023944004396548337,1.5904258511319374e-08,0.004032736911455973
533291917,0.0010530558708279458,0.5419525526928133,0.00014795340153623044,0.007099825970998253,0.10521238302113617,0.13768000132590363,0.0682948399784963,1.0422922564427493e-09,0.13855938669599593
533292328,0.007650206987407982,0.27919096835647583,0.002765560109750644,0.030640820947143214,0.06556208431584098,0.2867859659981016,0.29717133210879654,1.7321179182538913e-08,0.03023304385530404
533293510,0.0014277178090182164,0.01646756600274729,0.00047305358145797533,0.03263067648475172,0.0025142155275864725,0.6537151087071629,0.24890501743582713,2.8422780834523627e-09,0.04386664160917015
533293853,0.0006084694626991026,0.00829816494193497,0.00035020571190251906,0.010496457650881018,0.9731513876080372,0.003403056320965879,0.0025749368929816165,1.5500643301368913e-09,0.0011173198605333163
533293874,0.0007156308414523136,0.012508535074922096,0.0002150932172125877,0.010818873454950613,0.9706113322843055,0.0034123842116023594,0.0009634840930837409,3.812991037491862e-09,0.0007546630094796543
533293970,0.0003045737130668902,0.010285907306999315,0.00021457258722257388,0.002726308894713124,0.9828483382017522,0.0022477802820406586,0.000888371111159399,4.3384458067064805e-09,0.00048414356460015225
533294166,0.010889355626506487,0.10539352986653643,0.0006133340768931183,0.10369369334570569,0.20814913086988435,0.30610921641216665,0.012480420747276181,6.537151760530736e-09,0.25267131251787933
533294201,0.0001910667511468456,0.03205355512104897,0.00016525485473006373,0.00495547390906779,0.021409740766663934,0.9062795058662516,0.0276270757455976,3.2913774826997097e-09,0.007318323694115801
533294214,0.003220771841422542,0.11226807319921954,0.00042752196785195547,0.032468788504113825,0.08815502240934839,0.6521451794718393,0.041129796456684124,7.89755989454479e-09,0.07018483825196063
533294269,0.00023389816452282696,0.06954899507327442,0.00015345627740572516,0.01600994422995073,0.017402677548619568,0.8354395323143653,0.05624629494013127,2.6462597212326206e-09,0.004965198805470511
533294280,0.04903193078446634,0.04133014712079223,0.0034212581527193,0.07637639921668705,0.15107904276203113,0.38993429619456904,0.027913837615833978,6.505705200986956e-09,0.2609130816471958
533295339,0.0007467556423047147,0.145903798524085,0.0007289705597669187,0.006193821741299509,0.007622609141761112,0.4797914865080203,0.25616396052950025,1.2545092096619774e-09,0.10284859609875298
533295429,0.002512691991606215,0.13134639058073766,0.0029385716458533648,0.46760381004914336,0.05029593538197174,0.15650722192170843,0.05222402728878789,4.9059879074791095e-09,0.13657134623420342
533296483,0.0005263672813015788,0.009774691386865222,0.00038081601397120377,0.0029985556899120754,0.00973417272614711,0.7379181015446569,0.23067636042661868,5.1003618136476485e-09,0.00799092983016552
533297801,0.005276279448066211,0.019320075448911418,0.001588562848470419,0.02228684594825422,0.031965511011536656,0.8370717713827891,0.05185893064966082,8.048737992334975e-09,0.030632015213573217
533297907,0.00015481422055623435,0.11966188503715766,4.5194281896671074e-05,0.07483115369599701,0.8038123122889963,0.0005492390556158568,0.00046857482984101446,2.1436055480921836e-09,0.00047682444633373813
589557727,0.0016097344527889628,0.0018581283441430959,0.0011940483233378494,0.0022791475893688476,0.0002184820140718076,0.9661857899851535,0.010199951353111142,5.627452691889217e-10,0.01645471737527959
589561745,0.0043274900928302155,0.12689706415274282,0.003122604930317578,0.08093385670318623,0.0016183635473827301,0.005816323969545077,0.0031215547164060507,1.928362964158809e-09,0.7741627399592265
589566223,0.019719184768851192,0.0003225765173130873,0.0001706066743771188,0.00028156261430220005,6.216791263583422e-05,0.2990484130795619,0.6733264843807043,1.8153999955598708e-10,0.00706900387071445
589569117,0.7160408301163828,0.001386195606064508,0.00021524920141013278,0.000758179083530518,0.0009666642236239833,0.26267139854343957,0.015961241314818835,1.828238425314711e-10,0.002000241727905976
589569950,0.001549324601782425,0.003300072242649709,0.00016454257475282319,0.0006847251813567472,0.0004931252286871655,0.9738965136002955,0.015227399643222967,1.0006546496565967e-09,0.004684295926598034
589570061,0.5334437892522707,0.0051279779006683955,2.8526835914152663e-05,6.20817716917634e-05,0.0025362193753921294,0.3947851650366271,0.06285221978282023,6.85937641671636e-10,0.0011640193586781131
589570487,0.0011589877383367856,0.0017260001788593085,0.00011627620863566733,0.0004990990420533617,0.0004848316097129869,0.9827330505833353,0.005379524239128831,1.5404413098996071e-09,0.007902228859496398
589570489,0.0041453903426112906,0.002766822783049488,0.0025677024636136313,0.001603572157166379,0.0003772259036547159,0.9653298251612095,0.011572263344575383,8.442474508750476e-10,0.01163719699987217
589571551,0.0008522871915168909,0.000992158272911644,0.00019119455068627506,0.0007822962254250852,0.0002191952953735772,0.9396097461830046,0.028392781222636197,1.040447460383788e-09,0.02896034001799823
589572579,0.14220176139783366,0.04287501979245902,0.04568933890680936,0.6298580014003253,0.004240135972696102,0.0030858608416816954,0.0003201451895919282,6.087214005333859e-09,0.13172973041138883
589572580,0.0012925399748877184,0.004466889730123835,0.0002208938072667523,0.0014746129131745984,0.0009250134131792242,0.9765330419524121,0.009664085406391687,2.938404825365698e-09,0.005422919864159286
589573474,0.0016008825592917309,0.005033936993106544,0.00033226808301751467,0.002286074482427471,0.0010615003698939605,0.9780019268963194,0.008022885385683675,2.4182585153096124e-09,0.0036605228120012608
589573874,0.02536190603874437,0.0023372364528997263,0.009607573422566865,0.005113296696073192,0.00035681648656799036,0.6630127422600346,0.03282873755631226,8.419628120755822e-09,0.2613816826671728
589574988,0.044087046907967706,0.02531537725109692,0.01172350243951821,0.029491288244750027,0.3625306360171267,0.05843294538274813,0.0016084143117932673,5.141202585032223e-08,0.4668107380329731
589575044,0.15821608393829406,0.005094313169038209,0.028611907535515423,0.022868303165671504,0.5104216457496911,0.011219224268283961,0.00037674212078609494,1.1160568936494814e-07,0.2631916684470303
589575060,0.24275444960496012,0.01091716276396894,0.0023732123646765155,0.007474825503995931,0.5976061732478346,0.029299185722884084,0.003929816856148256,3.2569976481991624e-08,0.10564514136555507
589575078,0.020655261244173096,0.01308395119100248,0.0019595882879616467,0.008327139527744392,0.9304241391364799,0.008575225596047483,0.0014998054268646017,5.510342323379769e-09,0.015474884079384146
589575286,0.002786044998994879,0.06628757637406277,0.0003477674220070636,0.0021645586046319127,0.021121867789685844,0.8946743858595922,0.005628043606565696,1.5191969643150404e-09,0.006989753825262671
589577054,0.008703046535262687,0.046104610407584394,0.0009176088146490379,0.00341742876132553,0.008244129909464982,0.9197223092594399,0.006887655553579271,1.165501341547766e-09,0.006003209593192878
589578162,0.009255926116839334,0.010941027019651514,0.004434752506849078,0.008908762203662372,0.0010205427703764373,0.9360015808718354,0.013181843810538378,1.8011583034791664e-09,0.01625556289908927
589578861,0.00040041570507859777,0.0027191061539038027,6.229154198164864e-05,0.0009440524825647746,0.00032460918489597576,0.9878821051230243,0.0037121206533441563,6.969460349480704e-10,0.003955298458260702
589579781,0.0031784931382499285,0.05383252333941928,0.003955043425096803,0.01572727725199583,0.00236068429748784,0.7979656998286316,0.028517405886789172,4.3798938951325e-09,0.09446286845243565
589580528,0.06838412353426665,0.01537736564263133,0.008125889814062754,0.012031423184012244,0.002117811323373616,0.8529843102002926,0.012033447582806606,2.608084355421279e-09,0.02894562611046989
589580564,0.0005050674364315628,0.0044478493523368925,6.915813082950648e-05,0.0008843422120558791,0.0005377055074917436,0.9819723248580405,0.007709104753753174,1.1612190236524642e-09,0.003874446587841672
589582540,0.0016647333148889641,0.001490423342802716,7.313087945993893e-05,0.000592519773767927,0.00024138988277927828,0.9652571742791666,0.02847116674501116,6.121907594953962e-10,0.002209461169932681
589583482,0.000338935450972977,0.0019291026032205853,0.0001075929950060976,0.0013707017056629766,0.0002889259912411711,0.9826286994442656,0.0049427627770664015,5.903744890034217e-10,0.008393278442189749
589584716,0.003600918922367966,0.003924620532127945,0.0003264639270208113,0.0017810779571017493,0.0008324999813572052,0.9699058380807294,0.013344215500155647,1.3172460398827098e-09,0.006284363781893157
589585690,0.0004687187256976595,0.0019007651852594913,0.00011635354305075515,0.0007200060858908771,0.00038642202720483537,0.9899319321905045,0.0024427637672704908,7.477254703939204e-10,0.004033037727396011
589586337,0.002646320751906931,0.021215025208902,0.00039531256846207313,0.003256929001747182,0.009847125337801526,0.951687209826596,0.0024008258444996396,3.1486974113642983e-09,0.00855124831138722
589587263,0.0006078607231885516,0.0017321450034674592,0.0002690694199085639,0.0009052454669623638,0.0002442204723577179,0.983417480011946,0.006307109475218999,8.17420201828307e-10,0.006516868609530203
589588472,0.002162095090068497,0.04048336649246258,0.00019297231092112413,0.005905398517144704,0.031394705338365504,0.9047427831454169,0.005700777054193967,6.884331055494099e-09,0.00941789516709564
589589960,0.001739677211218301,0.03067569636734682,0.00041760649690281447,0.004740649259899062,0.0018001744973871914,0.941031604249561,0.006503212983131745,5.589132510721919e-09,0.013091373345420593
589590560,0.002550230372820844,0.07551668560703681,0.00034353440899101493,0.005800511728534625,0.006403748762516148,0.40895214863869234,0.06730500508634656,1.0670108184276701e-08,0.43312812472495343
589592645,0.00402022550387344,0.008087673376768377,0.0028329255845711606,0.008544298521245233,0.0005315701653071832,0.007843190042072356,0.003785154602219442,2.3914302772525137e-09,0.9643549598125124
589595488,0.027114760395569752,0.022206031189294734,0.03793491229926501,0.0069306358359253,0.002828709637118635,0.8807655738791819,0.006235904423048628,2.013936363263968e-09,0.015983470326659716
589595509,0.5709458503963448,0.002658684666263809,0.26950938022383286,0.00621266790167944,0.0005808788524360789,0.11406165082652578,0.007331568493280845,3.3220404034904813e-09,0.028699315317595925
589602405,0.0006510493217546738,0.0031028223631850618,0.00027463882870124186,0.0015202770071255315,0.0004656977186572355,0.9820112809619271,0.006535873133711254,1.193947929589321e-09,0.005438359470989929
589602766,0.025568996974730713,0.001229335451787774,0.0009693518888741744,0.0017625877744591074,0.0002304360665757951,0.01639677016845101,0.7827402011770895,5.912882565131555e-10,0.17110231990674366
589603220,0.004294595139314722,0.026600780361071896,0.0006229371572628024,0.0036237539337943287,0.008754001114987647,0.9415781423373186,0.0051702457585563405,2.7469985456258558e-09,0.009355541450695068
589603540,0.00954632274227251,0.003208511426085733,0.004806895266151268,0.0031314051158502533,0.00030770478045560266,0.8771294531511825,0.025768273165296535,3.396377612551679e-09,0.07610143095632795
589604163,0.007657300513982277,0.0015903901086574365,0.0029776208983863027,0.0009499506563457479,0.00012731374043072,0.827264862368629,0.08873505561757014,7.121803993117251e-10,0.07069750538381797
589605780,0.003274831499505056,0.030734788552381785,0.0010561776481004374,0.015063963220023178,0.0009226461244074915,0.2533787432662094,0.044071882659272796,4.5309786563880115e-09,0.6514969624991211
589605823,0.011307098563665224,0.008282377332624066,0.030732912132519403,0.6277892498025123,0.0018277504060196547,0.012798855613694444,0.004156235026550358,5.772597414054152e-08,0.3031054633964404
589606661,0.0008429991389726371,0.0242523903436765,0.0001559289216534152,0.003371135047959466,0.0017637915562760534,0.9544781335122399,0.01130563741569343,2.2219106138562207e-09,0.003829981841617983
589608416,0.0037269520179817944,0.00536776457796508,0.04961594293032168,0.024707969699832594,0.00047007286348835014,0.01612854546044419,0.009038559570858334,3.0389600388272024e-09,0.8909441898401479
589611604,0.0008109779617226562,0.001403409939556858,0.0017219883830117634,0.0014843751690467298,8.851168820209687e-05,0.0037943916951226177,0.00519618051392753,3.475002730319026e-10,0.9855001643019095
589613063,0.0014746277377878675,0.015354315388204327,0.00047635757409244676,0.0071788036126309105,0.0053464869559699015,0.9475648694157272,0.012740400182930527,4.973236962103807e-09,0.00986413415941991
589613683,0.005247169074882642,0.020044573483386587,0.0060717070036367055,0.015244323000816604,0.0010337810844115705,0.8382940600445408,0.030953341940820684,1.5492403251874069e-09,0.08311104281826401
589617107,0.003219926106943398,0.01555755550342697,0.01462023553068141,0.007717465532381676,0.001077209342416974,0.05772692549920684,0.00957697989176823,1.7298796954572886e-09,0.8905037008632947
589618208,0.0011684224645080125,0.0014865002775094065,0.0005582104728999765,0.001080769786212049,0.0002505908892516537,0.8974951727448298,0.028873365443917623,1.7361874234482933e-09,0.0690869661846841
589620671,0.021557420320969505,0.009379076591421112,0.002814097914205387,0.009432258502199944,0.0015378247643418308,0.8573800988782899,0.012589205644054646,4.450887238284512e-09,0.08531001293363041
589620870,0.00766042592354968,0.004607495331602547,0.0005920211637284172,0.0024482179579294345,0.0005961702264896035,0.9357160274639988,0.03346402490367581,2.780198292088651e-09,0.014915614248827369
589620994,0.0012509289641906927,0.005340317956692788,0.0001085011184701469,0.0013531652618546856,0.002028319616769586,0.9789996755998158,0.0053664851105742935,3.008457300064252e-09,0.0055526033631746515
589621600,0.006160157388578149,0.014187565855198321,0.0007222742780423436,0.006013132845318234,0.003281975175825685,0.9373578201996124,0.012418989895368843,7.08550355706074e-09,0.019858077276552432
589621801,0.0065801460525609,0.033372595323723234,0.0013582781276755911,0.011662952732678913,0.0058654269831691285,0.8866431012322068,0.01864964560730287,8.771703722369094e-09,0.03586784516897885
589621949,0.0008895049934844031,0.014514561786459202,0.00015406745794608443,0.0018133101384248769,0.0016952100789287372,0.9636681249036398,0.01320078968723631,2.8437459407188683e-09,0.004064428110134608
589622522,0.004167004367054169,0.010612728017373722,0.001328174959502954,0.015591848097099452,0.0012394712527441984,0.9349960342359095,0.012604303663004583,7.336857902708863e-09,0.01946042807045357
589626768,0.0022134564786482967,0.00841073160038241,0.00047255769365214275,0.0018125365173698841,0.001132332792714496,0.9319545747398452,0.03722861293345575,9.831650392474002e-09,0.016775187412281407
589626847,0.003039518494380514,0.005847852768198441,0.00022580127321891822,0.0015125669742246234,0.0011474298872154631,0.9234735642905105,0.05482985184048823,3.564294590395018e-09,0.009923410907468733
589628335,0.0030147252037590615,0.008115949584367956,0.0025300200014544165,0.0065958318039647775,0.0007753898171825532,0.7369673584713176,0.03692179599734424,1.9764952469419415e-09,0.2050789271441143
589628489,0.0008635076845548676,0.0007685674820407971,8.795562595044559e-05,0.00010692363857632613,5.153185110682947e-05,0.46786909535925714,0.4959693385834243,8.566377203715619e-10,0.03428307891845157
589628550,0.0023191907468117926,0.004781770642676484,0.0015111394979586952,0.004715560166029826,0.0004098582497119165,0.06263948358087192,0.009362616112501547,2.787003669279914e-09,0.914260378216434
589628608,0.0018019075892908533,0.014767126065091438,0.0011205813535303283,0.005867608717797379,0.0016410514507521014,0.8863871317768773,0.04658496667146164,2.258408110468432e-09,0.041829624116790844
589628986,0.002509597407813774,0.0011012252106098522,0.0004411337430387672,0.0005552547338530629,0.00014419261301478538,0.7463740616574361,0.235747069675528,6.415752226993114e-10,0.013127464317130376
589630160,0.0021499536507156125,0.059457729628920035,0.000316009137680552,0.007714316489745231,0.0029039123059350007,0.9129888403673788,0.004762624717158297,1.4585872759461192e-08,0.009706599116593675
589633556,0.005689839028681333,0.005679070849097506,0.00018699818215801265,0.0026714269665906714,0.0009981227325974605,0.9420084036913753,0.0324996661575032,4.919520099772368e-09,0.010266467472476393
589634160,0.004337102869647913,0.014181958023101635,0.0003547924958602844,0.006500882681307149,0.0023942156639277256,0.9533476612172067,0.011611265320457064,9.194894231614362e-09,0.0072721125335973875
589635357,0.0015085854421365604,0.011374181869293407,0.0003127468464304326,0.002432105377906841,0.0012425462869409655,0.9486066447793566,0.019864410812572272,2.6988385675129684e-09,0.014658775886524294
589637307,0.0015573175538002868,0.002816283981887508,8.707742224269099e-05,0.0009967468682712324,0.0012035034439277735,0.9165175473162379,0.07179262200182968,1.629039035281362e-09,0.005028899782764021
589638826,0.0015201921878300675,0.05884236798636309,0.00039580430851070064,0.01293558899969005,0.0032278860205940266,0.9082038966474153,0.0048299289444465,8.321653956846698e-09,0.010044326583496481
589639462,0.0004247318062848924,0.004134982196478063,6.11404001161884e-05,0.0006419309418796652,0.00045052979720298903,0.9820259915803516,0.008323328969836877,1.1645672371436967e-09,0.003937363143282507
589639744,0.008385930585480018,0.001552785716303506,0.0021461756218837946,0.0024361619539861466,0.00020495834769711414,0.7974263498571146,0.11795098338814855,3.182335344127804e-09,0.06989665134705099
589641076,0.003831529704417703,0.004649426789706217,0.00011021378912654659,0.00201232378902038,0.001252419280280228,0.9689579074269916,0.009540042715665333,5.857420090983885e-09,0.009646130647371905
589642050,0.000997526974431915,0.0010788163152623885,0.00020879483376611688,0.00042319529007421976,0.00013726602645499952,0.9697561012490724,0.01643109981556156,7.35610796684134e-10,0.010967198759765578
589642482,0.011450664806206311,0.05566375997770256,0.0005415354504021842,0.007774655304082025,0.00947170724657141,0.7787803750460794,0.02064606479111011,1.1752878380675647e-08,0.11567122562496765
589643196,0.002177398780298063,0.00177633566231828,0.00018190055821518282,0.0006576034431500084,0.00033695475734964837,0.7280196109854875,0.24499862647865117,1.876563691378492e-09,0.02185156745796651
589644881,0.0053403734749883315,0.007733671317997418,0.0010360586495989194,0.0015940058241681952,0.0007187904190519947,0.9335884680451565,0.024646685646430546,3.2514680234480143e-09,0.02534194337114009
589645040,0.0025732909414418483,0.006138184758336005,0.00044777456737458775,0.0015140584535497995,0.000680248959897287,0.9476354828433461,0.012963628040592047,2.3640494125066418e-09,0.028047329071412892
589645063,0.9835974188173746,0.000707682612838415,0.00012067400494589705,0.0005604172714047524,0.00014805380012693578,0.0012760671530204874,0.0030004596199236576,1.6187688001206236e-10,0.010589226558488452
589645210,0.09116819544928599,0.0006665789999346406,0.0004648102680732666,0.0006700746190655326,0.00013632633558517714,0.09390519785797959,0.04162655086230619,3.819800432793105e-10,0.7713622652257897
589645235,0.0011248458506606734,0.0009375639725886708,0.00030621837921275595,0.0004262166800048598,9.672615853770004e-05,0.9781227854980251,0.0113687331461752,3.1523869172859463e-10,0.00761690999955628
589645264,0.0004516392083873309,0.0008078195869674401,9.547331643784918e-05,0.00030076738881186846,9.26403399998733e-05,0.9868504726900627,0.006373454517455379,3.1876860982202303e-10,0.005027732633108981
589645363,0.002799129543986126,0.05664652425067843,0.0003516278679831468,0.0063823623021321725,0.004525809397063263,0.9110260266458817,0.00568375783971659,9.723275600559537e-09,0.012584752429282966
589645466,0.9987919736146651,0.00012008885069815686,2.0901868583316967e-05,4.814824787153136e-05,6.876704346837922e-05,0.0004148371148631166,0.00032079198647164326,1.9600338403890596e-11,0.00021449125377845726
589646466,0.9916538372563125,0.00043100701234575014,0.00025397826673786647,0.0007106281535825558,0.00010398061989570312,0.0009714805942776043,0.0010995248363212461,9.355746981288747e-11,0.004775563166969247
589646632,0.9798822914396019,0.000676124082258708,0.0003489527903145526,0.0007475357665409842,0.00015141521683993293,0.0009902469519219087,0.0011415936804665264,1.0924550583660443e-10,0.01606183996280999
589646688,0.9930260009191333,0.0003109367811153574,0.00018779157280305014,0.0005497603586580937,7.447243517512218e-05,0.000556700856155534,0.0004184396101898974,9.657812605012543e-11,0.004875897370191586
589646797,0.9940151342214602,0.0002929659905300614,0.00021815655252897294,0.0005975590569302988,6.95813659923197e-05,0.0006976879191364878,0.0006131614459767232,8.046757057837646e-11,0.0034957533669775815
589646862,0.9786509128686517,0.0006325247622017265,0.00045883627717774046,0.0012105540292338475,0.0002062214526606923,0.0009495966539416225,0.0012915371395036768,1.2962176822170046e-10,0.016599816687007326
589648314,0.010343394487998682,0.013393632013974347,0.0011505806329764855,0.0034666856624898054,0.004997896454149063,0.9466176701808587,0.010850619673900613,1.9078722708724356e-09,0.009179518985780006
589649551,0.994721233480919,0.00028326450904428776,7.010897208214633e-05,0.00024991186800301545,6.539916358973378e-05,0.0006528874712174342,0.0007293543133691772,6.002597662458768e-11,0.0032278401617493453
589649953,0.0005521081551902355,0.004827228102608787,0.0002064580821671499,0.0025343934263991723,0.0008413463674645572,0.95894129880562,0.014291387331728085,1.3877742464220573e-09,0.017805778341047743
589650138,0.0032131798752236744,0.0074845187290298884,0.0304227267489152,0.041116338659335366,0.0017381269378823662,0.06442796224451161,0.042042049731397114,3.5015398163659945e-09,0.8095550935721649
589650780,0.033161711435070636,0.0008516906113773118,0.000933133583728424,0.0017057080735801064,0.00015000397694423325,0.021856052145248002,0.8807555212624815,1.0485992328764846e-09,0.06058617786297062
589652247,0.0012903439066642493,0.007141084745982954,0.0017944491126983177,0.004163319096300753,0.00022440865026642534,0.007899863267380135,0.00968185416896844,1.3361214147969869e-09,0.9678046757156173
589654014,0.0107741015119053,0.06191042665173768,0.08613551060933726,0.12415418186994469,0.0035631341386982074,0.40296638260117734,0.021080333935276446,2.661758665109894e-07,0.2894156625060565
589654034,0.005209670225915429,0.33698876743310296,0.0034259039014700337,0.0531767605565007,0.008399156925288311,0.5377214171917927,0.004415733400936268,5.5677979400606126e-08,0.05066253468701434
589654154,0.8858349019957239,0.0015567583686335522,0.0002560673940320014,0.0005881724512065164,0.0007329703620194072,0.07453054079934855,0.017705160189290598,2.5187574960014963e-10,0.01879542818786961
589654176,0.9758960040813807,0.0006892820688330193,0.0007501584812428985,0.012041354662911329,0.00179645882303624,0.0008996087172732995,0.0006199581342808811,1.0548220473521418e-09,0.007307173976219656
589654183,0.9783685966936099,0.00036432790109831994,0.0002571776592251354,0.002383059228041921,0.00017409697487110208,0.0011088388028796128,0.00031597475723361794,5.830636075145955e-10,0.01702792739997682
589654280,0.002945031077213306,0.0958758143597939,0.00029835884682831806,0.012672940415261003,0.004410238590553199,0.8696773955313883,0.0035618080437100305,1.4300797410344486e-08,0.010558398834454407
589654379,0.003089736775543967,0.004870283573770233,0.0008211517437393643,0.0032647889044051795,0.0007498628203650245,0.9525283722087103,0.014436769728462048,4.796849470207375e-09,0.020239029448154377
589654778,0.03350857063365141,0.03137477990228181,0.0009707827600379592,0.006190338626378394,0.015697534711777726,0.8853998902396343,0.005309223338412742,7.644414094200271e-09,0.02154887214341154
589654997,0.0027234810621697306,0.1545059024738726,0.007456775545501864,0.4405870045950661,0.0018907591122597804,0.24596098159235713,0.015182889363072292,1.8920585047293732e-08,0.13169218733511528
589655191,0.0009248722579496343,0.0021124942177746346,0.00037670589777413885,0.0011700730229387785,0.00025481030881973623,0.9852171694032699,0.0048195160060743245,1.0530676271333423e-09,0.00512435783233132
589655314,0.0007552221635607711,0.0019216849966369324,0.00014736192313183908,0.0012403707308327567,0.0003194587027641435,0.9838560123924832,0.005254438265965647,8.465966785542755e-10,0.00650544997802799
589655401,0.0011001681313710784,0.054172229880408145,0.00019734000844282828,0.004733458857599151,0.002455757964143572,0.9274815311398149,0.004938505986514963,7.259020429222659e-09,0.004921000772684993
589655420,0.0018567519796175436,0.04404101867925373,0.00043384973125965085,0.008266317554937971,0.0165258198782179,0.905140734654732,0.009824362154620726,7.934922881813532e-09,0.013911137432437767
589655704,0.0005348588495712661,0.002085848637243026,0.00016767289009108095,0.0008192340225022374,0.00018868826647095598,0.9865669094713594,0.005146226425645938,7.740328090350507e-10,0.004490560663083189
589655845,0.9987496726098061,0.0001241547896548462,5.310559535220849e-05,0.00024137861977969986,0.00022971337415825775,0.0002506604574226793,5.650714118753959e-05,4.9361741351236974e-11,0.0002948073632769516
589655876,0.0020965896922570514,0.01861471790239269,0.00012086281959717937,0.0026421320485552026,0.0027884565652036043,0.9589190767949514,0.009498825909214909,8.519838910165561e-09,0.005319329747989051
589655913,0.9984505572508164,0.00010209778789432324,0.00011563957388324658,0.00018297127719171628,0.0002879824650467345,0.0003391161123661127,8.545100051654559e-05,6.471352505135914e-11,0.0004361844675712366
589656289,0.9673736183445989,0.0009899413607728329,0.0003504654222468784,0.0011930574109096836,0.0002817750020195313,0.00352860083268791,0.0034798946176051978,2.1086198121411858e-10,0.02280264679829715
589656347,0.980768942405042,0.0008104120258747133,0.000331899891183386,0.0009052779968891091,0.00016589251520813836,0.0019242961296625572,0.0022987411992657,1.874162652491167e-10,0.0127945376494582
589656594,0.9886246572143433,0.0006401464208306773,0.00024607243357211334,0.00068360983627228,0.00017499283795956622,0.0010481562873195993,0.0011382159427613667,1.166345663751876e-10,0.007444148910306588
589656969,0.0012037395330414008,0.002830134549603904,0.0023006826012374566,0.002519590663769108,0.0001779904731060402,0.0035837711715220933,0.005180457585791778,6.44619240187347e-10,0.982203632777309
589656997,0.0018534673380662383,0.12222790894326514,0.00022787138629275523,0.005149959748030207,0.004279135499008017,0.8548088041902495,0.005832242651542108,7.658742857782392e-09,0.005620602584803271
589657024,0.001318123008190576,0.08347300067112094,0.00023826547388268115,0.003690926992935206,0.0022517654329633333,0.8932248674558506,0.007596639714392488,7.670011433938227e-09,0.008206403580652777
589657428,0.002511470161815986,0.004558930171694494,0.000774307649747154,0.0033105073037838304,0.0004734937329986472,0.9608287424633791,0.012473389539240912,1.21227277374109e-09,0.01506915776506717
589658507,0.07404627734619097,0.006227651069739267,0.0016813850641548673,0.009081087120083625,0.0007244815306018336,0.755538654886811,0.052071134788750466,3.368460200253442e-09,0.10062932482520759
589658589,0.001087506779709893,0.005542162037967221,0.0001297188773952242,0.0015526029696739472,0.00040454661752892956,0.9789180555601196,0.006737599531711583,1.0287208597655797e-09,0.005627806597172801
589658819,0.02210996728689227,0.006394162012405675,0.0010434702049348364,0.013218853113632632,0.0014193725937946822,0.8562052000539755,0.019382787471650783,9.20993375569801e-09,0.08022617805277994
589659155,0.000475832735612451,0.0013658911581327208,0.0001147477706921323,0.0006186018177688793,0.0001342279358094619,0.9820405858432482,0.008010388604404142,7.463824309750567e-10,0.007239723387949746
589659326,0.9484066530877842,0.0007479471993178757,0.00277856254595256,0.010924648303455865,0.0005922665410366645,0.0008776392918409898,0.0002569248192531272,9.17430447349118e-10,0.03541535729392832
589659508,0.9918862657344981,0.00016769167188375334,0.0002931555669564684,0.002717409235596747,0.00022364209798927473,0.0006898604278800897,0.0003573496327709445,1.2995078480107977e-10,0.0036646255024738506
589660168,0.2161445684145093,0.010260518421341038,0.0008745137490890217,0.00918251688823244,0.007384477600593418,0.08723168982885064,0.11468104278440495,2.777703378351999e-09,0.5542406695352757
589660415,0.9997420547848191,1.8850629292290638e-05,2.035501622164299e-05,2.5938796898950923e-05,4.9125935648271935e-05,6.438650546403267e-05,1.8782473274018212e-05,1.0729025806432571e-11,6.0505847652632775e-05
589660452,0.0037585865274649436,0.007201702230267604,0.001817318816530453,0.025607583195409383,0.0004877686957155227,0.01290245437824492,0.005301465555608786,4.797254170229044e-09,0.9429231158035041
589660696,0.985698662328634,0.0003277098641186431,9.282799072928497e-05,0.0005166858004657731,0.0005466285836092204,0.0022072843743576077,0.00019927261648701168,1.818924774933129e-10,0.010410928259705975
589660762,0.00474618112255097,0.013004957607204128,0.007191056636789343,0.011930752410891478,0.0009343536067825184,0.9227122085972984,0.012432624336397255,2.741308280602454e-09,0.027047862940777614
589661376,0.024859347349870886,0.029085530135709463,0.00032845691857243586,0.27467067572431697,0.032690545537520266,0.5093794769438281,0.022429177294745153,3.132866003504135e-08,0.1065567587667767
589662414,0.0020361346648932834,0.0030644963909339782,0.0007145167056948167,0.022678967947315908,0.0010395571402964448,0.024415837716536867,0.003191130030052689,1.6804884313762586e-09,0.9428593577237876
589662481,0.002165196093508117,0.0007567963961926947,0.0005024340898272245,0.0014605010481581681,0.0001491351101036839,0.006973516893150925,0.001126062860312415,5.293555504072412e-10,0.9868663569793913
589662575,0.0017764377554179418,0.0007693071746728359,0.0008142201394656222,0.0030542663993656303,0.00017287611603530493,0.0046679188329058555,0.00374872287322221,6.475391480848086e-10,0.9849962500613755
589662718,0.0021781216322762347,0.003314794319544688,7.242714755915048e-05,0.0009688930804689491,0.0016113437639737273,0.9830972115110285,0.005445515393144092,2.8141007247875253e-09,0.003311690337903938
589662935,0.9958199985273394,0.00023301121823569217,0.0001519342386802691,0.0003449008825198888,0.0008910532000977735,0.001250291171012208,0.00028585834768189553,1.1750851856058583e-10,0.0010229522969244411
589664264,0.0009257020194762761,0.0010106511547120028,0.0003131617234647449,0.0006369314440654998,0.0001405583581646108,0.9009202995570468,0.02075162053643556,8.85179055996049e-10,0.0753010743214555
589664422,0.0010631207639222322,0.008649159493024718,0.000614125558633694,0.01027776194251829,0.0010601744465512971,0.9287540917345749,0.018084912152327055,2.245008945799639e-09,0.03149665166343883
589664612,0.9972635625249269,0.00021383134909101455,5.156494583640968e-05,7.868199721065978e-05,0.00010304765379993782,0.0008160767924958427,0.0011250946345553576,2.8400096758554617e-11,0.0003481400736838585
589664785,0.9810478204335122,0.0008884591372753524,0.0019414962451897156,0.0037159185094645863,0.0003488204031213695,0.0008450675038425885,0.0007258139982064568,4.569570752743504e-10,0.010486603312430681
589665151,0.0007871776351843128,0.025578312668203675,0.00012159877171542074,0.0028259951677618517,0.0032162832288365694,0.9612696924183591,0.003472771876655809,2.6467458907134928e-09,0.002728165586537257
589665712,0.0016769735201184071,0.027245702488477914,0.0001321678987178574,0.0033744740090538607,0.009957019986768068,0.9447511575248436,0.009083058516282803,3.242424366212525e-09,0.0037794428133129873
589665871,0.000569152159446818,0.008538739992316214,0.0001118319155522948,0.0013498710764399242,0.001004931645255087,0.9777799916921279,0.005601934840953777,1.7201454817216634e-09,0.005043544957762499
589665881,0.0033824381453844703,0.006927839207219196,0.0028836197978143524,0.00563246797566743,0.00041466267912751355,0.09829884925118225,0.046546659099660596,2.7201233137717777e-09,0.8359134611238209
589665931,0.001807146528091609,0.037214267225657,0.00030944833093158426,0.0030708011933104655,0.0035885117005125928,0.9267964755420363,0.002139116411532578,4.645561819604898e-09,0.025074228422366108
589666035,0.0006189547563948617,0.023223575604710254,8.894390764507263e-05,0.001950180215832858,0.0025803850350207924,0.9646574602743309,0.004426776558393798,1.6670405969708371e-09,0.002453721980630932
589666037,0.0008935032660987774,0.01291601987425864,0.0003400545772599616,0.0030171161381390846,0.0008423891358314794,0.9668153508180726,0.0056170845752984856,2.5086944398255396e-09,0.009558479106346541
589666050,0.0038301318629481115,0.004014691404631759,0.000807917360219594,0.0026868845356095555,0.0006920330707269179,0.9742534633946031,0.005764885623511819,3.635215620491257e-09,0.007949989112533588
589667016,0.030708292481866063,0.002965733701165364,0.007927642796044928,0.0017919424203043158,0.00021660893064739373,0.8649507081089667,0.023017392016696375,2.251310557246992e-09,0.06842167729299838
589667061,0.0020341955570410664,0.0013373346283352431,0.0005120987169351416,0.0008839632205787834,0.0002703231550210692,0.662220252548615,0.26375499669671715,1.299556712622897e-09,0.0689868341771998
589667121,0.0034939778801222864,0.005351763284174176,0.0017477308730436162,0.0049453762787836026,0.0007321228619549286,0.948725716973746,0.010869294872820295,6.725466623802818e-09,0.024134010249888514
589667280,0.0031931507289839154,0.00670232152443508,0.0011578435415447207,0.004849097872987432,0.0008550137366779622,0.8493124736243871,0.019477109030836343,5.905079730197632e-09,0.1144529840350677
589668178,0.0005577779179792272,0.006314233457543005,0.00012830494721563087,0.0014105389959897996,0.0008517293980993807,0.9815677301088945,0.003237295317075593,1.2377240331574815e-09,0.005932388619478894
589669967,0.000541757567110002,0.0016147797803811325,9.096219623956209e-05,0.0004851458264394331,0.00026721396182886816,0.9645701104051271,0.02582923664869705,1.1442101031726274e-09,0.00660079246996689
589670413,0.0015059601965594,0.004671127168823651,0.00031989477313448654,0.0019032825870414914,0.0008117025866266842,0.9800064891436392,0.004183811855512795,2.4110484709231144e-09,0.006597729277613864
589670559,0.0020550009707152677,0.002500288503861675,0.0014389318757875936,0.0024953538968060826,0.0005333732309420605,0.9735659961682779,0.007568292690493506,1.8086257792986458e-09,0.009842760854490224
589671370,0.001367898524005843,0.0033161300787736708,8.600117554623871e-05,0.0005552110187524137,0.00048559220397819384,0.9691226991697428,0.016001292659382542,2.173882987214509e-09,0.009065172995935355
589672410,0.004346319238613056,0.0024313226504897004,0.0259566450035609,0.006911756446485515,0.00023997548748078742,0.011833459249978005,0.008082481438850054,2.339924651114225e-09,0.9401980381446173
589672725,0.0007613412775368882,0.0012368414794599635,0.00012407404327608622,0.0004639857253167926,0.0001999962036072768,0.9874307626973176,0.005911838281427899,5.811541399259372e-10,0.0038711597109034267
589673081,0.9991357255403504,7.380972586497778e-05,4.059037777865854e-05,0.0001121670822419084,9.496317143637946e-05,0.000201435054924816,5.6267891879481586e-05,3.062917049784374e-11,0.0002850411248943067
589673223,0.9935569747127692,0.00027851302839801054,1.844276283197283e-05,7.249311856456275e-05,0.00011156475742243038,0.001489677512904551,0.002079214242998297,2.535637286721837e-11,0.0023931198387547076
589673447,0.9995061560738168,4.134222391576782e-05,9.022250730658747e-06,3.877107117412679e-05,3.4442241354999944e-05,0.00017201851252318754,4.29146835061773e-05,1.2935498770338144e-11,0.0001553329300427865
589673567,0.9702168237108127,0.0011968863288879586,0.0006025912154167742,0.0025052939596884364,0.0005164336013091337,0.0015429832875522456,0.0006697615450806434,9.757442384516811e-10,0.022749225375507828
589673733,0.9865274489471512,0.00017797466159822308,0.0003569039929864546,0.0014005852558960767,0.00016984399513613678,0.00021556043289281678,9.725308440818807e-05,1.201378189509375e-10,0.01105442950979312
589674007,0.8000955412264668,0.002452653835950152,0.0005381177523481743,0.001679838898425541,0.00024268867067792814,0.01604990559619394,0.021842458558221072,6.986023214636373e-10,0.15709879476311414
589675810,0.000708410477805207,0.001947227707008297,4.599470894996403e-05,0.0003988509561249572,0.0004153925108299011,0.9844882064167843,0.01049998177736446,8.743349076906378e-10,0.0014959345707980397
589676011,0.004912231523745148,0.060323625675637954,0.012999484850240158,0.11810920812423858,0.7480673971357942,0.046785639103842855,0.0021949387162245133,5.320032951499446e-09,0.00660746955024371
589676630,0.004853635798586577,0.0006870558751956256,0.00034552377764100165,0.0013816190356712205,8.623042835808508e-05,0.008899735648448079,0.011130183069130738,1.7389239015867022e-09,0.9726160146280448
589676857,0.00457091412566857,0.0013948402279806036,0.0011492223602270308,0.00506317034067575,0.0002802587260044484,0.006651873107946401,0.015300065743028673,3.0625465019073785e-09,0.965589652305922
589676979,0.009349713197043787,0.003916232780876367,0.000646438611170202,0.003178344306280535,0.0003523191317862163,0.049995455308127726,0.04221187513897985,9.926666270600699e-09,0.8903496115990691
589679195,0.9984472410087896,0.00011647179379233196,4.162223698159203e-05,7.909310258496118e-05,8.561029692154523e-05,0.0006229425425507681,0.00042156320079566196,1.968993849471382e-11,0.0001854557978936361
589679886,0.005297844197273013,0.002209830358680233,0.0014230252104324467,0.0040129360223395815,0.00026853262914413434,0.007606754199344536,0.014449890195555754,8.11493494598142e-09,0.9647311790722954
589679904,0.00315113908466088,0.0011953168716210927,0.0017861279325633171,0.0009501708169686484,0.00011065588968250634,0.03000378531107882,0.08087491574933912,4.2843535350355465e-10,0.8819278879156502
589680591,0.0010068553159595364,0.0011777286134973712,0.00032729369617747546,0.0010118417839466974,7.530588687172046e-05,0.004913398223436288,0.006779152276407007,6.277488505959961e-10,0.9847084235759551
589681462,0.003187216825631107,0.0012739895423022013,0.0006975035193349315,0.001207748479443593,0.00015730209245251386,0.0259825032737841,0.05519622274442056,1.2699045618590208e-09,0.9122975122527265
589682555,0.21540195878373827,0.010419862224820645,0.019066579317565443,0.09148373066509775,0.001687374817397627,0.5751401731771696,0.0017955692243058644,6.810142370664559e-09,0.08500474497976239
589682867,0.001668270709773803,0.0016455221113203422,0.00020625508517486225,0.0008589849047688444,0.000692069191939066,0.983149459957874,0.007910553102589021,1.0242725119242198e-09,0.0038688839122875645
589684413,0.0007832781123810718,0.020611251843003324,0.00016390895632983421,0.00346045904860715,0.0010232128747907617,0.9632894578757587,0.0053101621316403586,2.2222223450106096e-09,0.0053582669352664515
589684827,0.0009375398454205285,0.0019274067697098486,0.00014853197944179699,0.0006673377597797288,0.0002686734877221989,0.8549907356463252,0.11039831476311288,5.98703422598206e-10,0.03066145914978437
589684864,0.0033496581217421478,0.006356810623086742,0.0016191740089492384,0.008260149448703652,0.0006758072912562752,0.9514723731305978,0.014718099386277762,3.334895420635978e-09,0.013547924654490945
589685081,0.977542389293634,0.0008682339057090783,8.14389410173194e-05,0.00038650570457021856,0.0024558449551523656,0.011123110610381853,0.006624070385053034,1.2749456434184034e-10,0.0009184060769875642
589685100,0.9919724456423783,0.00014377981686281274,0.00024057396465231083,0.001906097900760401,7.591594734055459e-05,0.0002952132889680064,0.00013006083867857308,1.7242898686544228e-10,0.005235912427930041
589685160,0.9935877697051727,0.0002912377469376373,0.00015723414492809773,0.0007176553926035006,7.007000934852304e-05,0.0005235406983789986,0.0003412964708495166,9.408197047235393e-11,0.004311195737699093
589688360,0.010038186993021787,0.05334235430870422,0.0011463630445501885,0.8012574191262981,0.004893720392117512,0.09557205442887359,0.008652815134779722,2.8998134714216787e-08,0.02509705757352014
589688604,0.001821678206871843,0.0003387539421003558,0.0003552385701515745,0.0005155466178545761,3.497707239628926e-05,0.001629781748970125,0.015340991149616377,3.4547678361401027e-10,0.979963032346562
589688616,0.0018661360898883787,0.00021171953525354586,0.0001642938404291124,0.00042605347520138315,2.5070934101471746e-05,0.001803914435159763,0.005121202051588537,3.55586428922489e-10,0.9903816092827914
589688722,0.0009900246660014768,0.0005671974435467837,8.949653944642646e-05,4.6776770213447546e-05,1.3609247244985966e-05,0.008928561734473482,0.5370724448291585,6.069085162471831e-10,0.4522918881630064
589688801,0.001185988892089456,0.0006114715586975084,0.0008140913133351915,0.0006331378922254727,4.879371583825856e-05,0.0037111237790426474,0.004796634007192121,4.408202459131573e-10,0.9881987584007591
589689732,0.002571253671542612,0.03908180899551962,0.0003977843189516315,0.008728354655690329,0.0041091786905548,0.9308901594192979,0.004130508920616951,1.9363369273441288e-08,0.010090931964456897
589689931,0.0006681881634972112,0.002021600284528027,6.494599335416063e-05,0.0004118005097165567,0.0005318062230401386,0.9605856926221528,0.032868609009975264,1.2067888757035293e-09,0.0028473559869469675
589690006,0.00042470875805870217,0.0021353404426344424,0.00012001623410015416,0.0009614459072801424,0.00022958856502954805,0.9849962126908955,0.005358307406617382,8.649154444426516e-10,0.005774379130468674
589690188,0.0018955925408022478,0.06329805949452977,0.0004170357921238644,0.017748814872122813,0.004306494491935888,0.892298590947207,0.005311422719979791,1.4655054082931881e-08,0.014723974486244533
589690306,0.0031038027690166495,0.010862816841907368,0.0015223880330567652,0.004387688074116081,0.00110908834449277,0.91659368607566,0.017122892383718204,2.3253543811919674e-09,0.04529763515267779
589690787,0.0014071056550824137,0.0881001103764531,0.0002318069063412225,0.0055929822588551255,0.00316731417400662,0.8910479829633019,0.0055399880183856194,7.66393455707329e-09,0.004912701983639421
589693943,0.0010057927073147377,0.0065310792591641575,0.0002715455193159184,0.0021563510162232,0.0005210027741913111,0.9264564942994513,0.031116680689824643,3.0896564034636575e-09,0.03194105064485835
589694191,0.001852324030824261,0.0021646568776455266,0.01184989104599125,0.0037550369389806313,0.0001903098323019262,0.018326162813118677,0.007864125406842998,2.2279926976752448e-09,0.9539974908263021
589694200,0.004637636752094404,0.009289169123893201,0.008284225388868229,0.009401273360408573,0.00029348975320229575,0.03486312596127565,0.009078874872389741,2.917451207593659e-09,0.9241522018704168
589694392,0.9882001331408885,0.0004783754854174296,0.00018281211072555448,0.0006947133913091208,0.0001282765184157568,0.002120212022754804,0.0015981659687084662,1.3339866829620635e-10,0.006597311228381853
589696112,0.007461311321422048,0.003039842671080239,0.0028506398650247683,0.003932908316783463,0.00032033615226632786,0.04414019253840185,0.015670855158919576,4.373457459326391e-09,0.9225839096026444
589696361,0.0013160244474046904,0.007709003612320551,0.00011661082950776343,0.0013045609065966237,0.0019089549228221143,0.9703845401037374,0.012517075961249497,4.412402253890198e-09,0.004743224803958973
589696723,0.013547597897040246,0.4884895595893014,0.0014567075543246168,0.1950313884643869,0.010403051133007536,0.006218247237122552,0.004015008747556068,2.7199630143539305e-08,0.28083841217763045
589697175,0.006976842663225791,0.012932229390861664,0.004883814839247532,0.08475176354310371,0.0009803146666737678,0.0678739931651101,0.013204845030355197,5.406160910286935e-09,0.8083961912952614
589697302,0.002009116075473203,0.009428352083594074,0.0028403187231985957,0.6236340222374992,0.0014819835168949228,0.04786799542226058,0.003297426656437236,2.548864546678389e-08,0.3094407597959966
589697529,0.002513886671620228,0.03543350857006833,0.06264485172010224,0.11196980732270238,0.0012195854915454537,0.3708517430093691,0.08635107918918897,8.761573048872291e-09,0.3290155292638303
589697812,0.0040130685075734675,0.1494312898281343,0.0029140908038052036,0.3040116771807137,0.001726174545480245,0.012795656019626829,0.005727368303499377,1.3250867447237462e-08,0.5193806615602994
589697922,0.004216704578689447,0.0016878485913187147,0.0001727180454197945,0.0007498098094420814,0.0005615631940121277,0.9258850228749925,0.050219729429455164,2.525102178174397e-09,0.016506600951567998
589700941,0.0019261610354451798,0.036392495877030674,0.0013840782699029589,0.011585613445940184,0.003791084654023764,0.914115413061092,0.012707649740839697,1.0273284803041062e-08,0.01809749364244068
589701301,0.016976859921365602,0.012809666079611414,0.18896049520752753,0.028497367841131965,0.0014662689099062098,0.6813176450948721,0.01602068461108197,2.220741369755952e-08,0.05395099012708943
589701406,0.015398536533760124,0.002710285662143397,0.6257795443496957,0.04560508300337282,0.0006982556707174604,0.05059792620422701,0.0015482449775624024,2.6016423432454653e-09,0.25766212099687874
589701442,0.0025004555710217875,0.010581749114245831,0.00390546204789952,0.005978651859831345,0.001299567803146506,0.8265451506902259,0.04508047245073614,3.0514568184797115e-09,0.10410848741143607
589704957,0.005139889713383151,0.012457039411990884,0.00428567581714208,0.6390657909948937,0.0006324811818288771,0.006277830082947599,0.0025902333809499256,3.478732425759817e-09,0.3295510559381315
589705018,0.006510157301177851,0.030598807303868637,0.007430512519243677,0.11243138917740955,0.0006621305182200908,0.012714297283050992,0.006715393030574064,1.574189788108604e-08,0.8229372971245573
589705042,0.001474298070867857,0.0005587326607376799,0.0002953150872382341,0.00035321332221857545,5.7569408689011124e-05,0.008064592167908839,0.10066387820187439,1.5390461048633902e-10,0.8885324009265609
589705510,0.0022401224918027554,0.004940389682047598,0.008433956300710772,0.004194636829127721,0.0016774976069180794,0.8811769539582321,0.025567076859349665,4.258185419758238e-09,0.07176936201362584
589705898,0.0005277272509870567,0.004884164351110449,0.0024079752800858782,0.00345558883650089,9.274115411002171e-05,0.4769304321895287,0.011627906527523223,4.7718621884538064e-09,0.5000734596382915
589706024,0.0029474353277769896,0.003469194192500049,0.00475657363516112,0.004218213480859314,0.00039512743326840585,0.8749851905962017,0.018657297130309364,2.250459871619675e-09,0.09057096595346324
589706264,0.0033506283924176787,0.0028887250187057904,0.00037332199527494555,0.0018550027579427733,0.0004907466542022239,0.9367095269363204,0.04598574092494026,3.164158926259563e-09,0.008346304156037074
589706502,0.0005694308583895558,0.001794931670943868,0.00011942059803108803,0.0005894018536280702,0.00017104648264314827,0.9842739471828333,0.004712484340441457,7.125693972861422e-10,0.007769336300520102
589706644,0.0012155384025351787,0.048201635541512224,0.0005706197221718477,0.005673344944473669,0.001161413940977851,0.9243948368744263,0.009941869924350005,4.118051982549201e-09,0.008840736531501024
589706707,0.004409129886217742,0.0014002525123940326,0.00669213764981438,0.0012837366969136962,0.00015885023834227448,0.9328443560371945,0.01497454679357256,7.469116615163884e-10,0.0382369894386392
589707916,0.8932146043931357,0.0007808036923755508,6.865203506835316e-05,0.0007132333788971477,0.0008816037867740792,0.029516620670253645,0.001902532260990943,7.015251516196141e-10,0.07292194908097942
589708408,0.00711947823912541,0.0022274424517648673,0.000211155124559436,0.0007507192681948026,0.0007884724939796328,0.9739057385023941,0.007413099244595542,2.989548524496678e-09,0.007583891685837664
589708651,0.0013815217794207343,0.0016342834710200787,0.0001451204214713649,0.000343321867425702,0.00014467956821188877,0.7587406675057079,0.2310304829642082,5.920155113548973e-10,0.006579921830518646
589708749,0.008391006992159887,0.012951197204710677,0.031105839532945156,0.008553338496867248,0.0008152386795996172,0.8847891940535152,0.010856355776049003,2.5770051881408444e-09,0.04253782668714805
589709256,0.0006351408228547069,0.006467789745709215,0.00031094613882891466,0.9872808475862878,0.0003664417147537903,0.0008098135340966971,0.00035973783957166745,2.710720839270571e-10,0.00376928234682517
589709407,0.012652325458231735,0.02898412225696839,0.031507596457954624,0.8495710711975165,0.0014815528841509034,0.017703077254043128,0.0053959512964828526,1.5814934615396517e-08,0.05270428737971715
589709560,0.006908268290738565,0.0005583090024525267,0.00046482224325707013,0.0008351104369742004,6.558141887536306e-05,0.0039266478730865225,0.021536445983567954,4.960720860018721e-10,0.9657048142549758
589709628,0.2318406356227778,0.0014021948913031446,0.0013371365418008883,0.009071777069677775,0.00047153094708575987,0.024959181138350786,0.029363968001645258,4.790078021311295e-09,0.7015535709972806
589711120,0.14006928729857984,0.001666192211152898,0.0016398955545600287,0.001803386345939456,8.018818992656793e-05,0.025573433313085932,0.03299971242719007,7.720102110058022e-10,0.796167903887555
589711142,0.06387504752096237,0.000579613113038559,0.0007011184153227221,0.0015474012167070086,0.00010707458618433044,0.008334813216658781,0.027076055052786183,8.546100046483349e-10,0.89777887602373
589711313,0.005164559935222505,0.0006784767263110219,0.00042269376818284413,0.00046429381659483516,0.00010486432180912032,0.015023557162575071,0.6863151049429691,5.520012122291894e-10,0.29182644877433433
589711439,0.09098041476613938,0.0007220669841962013,0.0010407555903561014,0.00026079330191128855,3.592073370811608e-05,0.008707252839492334,0.4371880160290959,1.5432154625282356e-09,0.4610647782118852
589711493,0.002980170408985835,0.0004934885033099217,0.0005330405685093287,0.0007103380092364919,5.3727432124986424e-05,0.007642759667964983,0.01509253510136417,4.804849667096947e-10,0.9724939398280193
589711515,0.0010055190727896377,0.000260776222247058,0.00011907362712657711,0.00031596691423136134,3.7971325265378426e-05,0.0028042786996019223,0.005877658450671545,1.7921395103571617e-10,0.9895787555088525
589711963,0.0033258003289159672,0.011856711377690782,0.0018389312001409442,0.005328177550117863,0.0006862694175074946,0.9539491703715923,0.0105479900089261,1.0946502048964667e-09,0.01246694865045824
589712145,0.0015442816386500747,0.001462091320765504,0.010494502827939166,0.0015978992586162663,0.00017703547792914914,0.023515233554625065,0.007918924025006109,5.418764806199251e-10,0.9532900313545922
589712387,0.0062519196825329615,0.0012164244281406848,0.00201046044650595,0.0013561577530927852,0.00011976854055248023,0.08592480081319383,0.04639391316608548,6.511142994125019e-10,0.8567265545187813
589712456,0.0022639212461874844,0.0027976260253003726,0.004714269388158756,0.0033456144106626313,0.0002692280709830249,0.03275813530467183,0.0289078167860559,8.292200386344928e-10,0.92494338793876
589712514,0.0044617478859742465,0.0028445351462787188,0.004554191782925512,0.002709090935460718,0.0001745255395007598,0.017291386088434273,0.020723224137725177,7.307046793975233e-10,0.9472412977529959
589714985,0.0017949565539571116,0.019404063265343722,0.0007767530194602797,0.0040369102792046675,0.0019848452188094925,0.8882245361190046,0.01996321087172447,8.210154203512184e-09,0.06381471646234149
589715234,0.004343803628273819,0.0009502935340964854,0.00025812678461705,0.0006353520428431078,0.00013919132235701615,0.9697414568862722,0.009164925050974089,1.786181612963294e-09,0.01476684896438458
589715303,0.0016002634836103549,0.07607521177150335,0.00049026032053803,0.008221648573825385,0.008501118368083002,0.8969503579202475,0.0023007206324229096,3.6524407692009148e-09,0.005860415277328756
589715632,0.0013949973255801332,0.0019103283679603917,0.00019173069092859842,0.0011927829063098842,0.00041372117998458033,0.9839133064927283,0.0035577417132610168,2.6190185085164033e-09,0.007425388704228466
589717387,0.0010377186301487693,0.00010737928243580428,7.269841972842593e-05,0.00019426950689343628,1.5662290228162948e-05,0.0007552432838891412,0.0008985864139098322,1.6027371876785883e-10,0.9969184420124927
589717441,0.0005527360175448858,0.0004905125858051595,0.00018195315481822418,0.0006219048838620533,4.413207251002847e-05,0.0012380602736714408,0.0014098949884792788,3.023026803292825e-10,0.9954608057210064
589717612,0.008327754095629894,0.0029052992756091627,0.001468176595660834,0.004949823291385697,0.0005152360479727399,0.006308526112893395,0.00464066221161134,3.423221742898425e-09,0.9708845189460154
589717921,0.005530986883730191,0.11328871554181585,0.0841766677591427,0.09904935877125644,0.00396171255696455,0.23262940526608827,0.02308717016314051,1.9486136594656784e-08,0.43827596357172477
589719256,0.02841130560455677,0.005343314620465668,0.0005160318527213929,0.001639892906015857,0.0011591408636398041,0.9433523930262658,0.013350857029542841,1.2428752934852884e-09,0.006227062853916627
589719299,0.033385975203259484,0.005671550312739334,0.002660988319006686,0.0035863210543718676,0.0009369846536150759,0.9268537297314182,0.017973878783932595,2.6536272056247947e-09,0.008930569288029662
589719695,0.9985088185397063,0.00016222705032314127,4.0307713365237255e-05,4.047666987271598e-05,5.769106029457422e-05,0.0006296817532361612,0.00039806170376816284,1.0823686933410221e-11,0.00016273549861005413
589719855,0.9983843869874207,0.00011339483782641788,5.0084650918596737e-05,7.149462037497732e-05,0.00038899023168128725,0.0003198342985247066,0.00010053719934327957,5.729282743021386e-11,0.0005712771166171825
589719875,0.9991077229107211,8.867266919596e-05,5.559175624571514e-05,6.75937967649658e-05,0.00022822821636750768,0.00020526840531540013,6.143578260136858e-05,3.814646111172206e-11,0.00018548642464151258
589720121,0.042632291018775935,0.004327515663108109,0.014913445459598312,0.0028943233052394915,0.00048267406730256705,0.7035126431380422,0.008389380492061484,3.2976161315196437e-09,0.2228477235582559
589720220,0.0060476597670705776,0.005204425000398982,0.0019441356808321604,0.002617010793631831,0.0005241543324009494,0.9607871718207676,0.008364355638566667,1.1427799306918346e-09,0.014511085823551395
589720232,0.9985208627466005,0.00012537176416408085,1.7396262487501665e-05,5.5861643172198896e-05,0.00011778407601102635,0.0008046991111948938,0.00016906760884464732,2.4201207013242567e-11,0.00018895676332398505
589720263,0.0011414554976397681,0.008377241764433128,0.0001707058551203929,0.0030306101958427114,0.0007191237733667399,0.9718451897003597,0.00904988087699115,1.7376365685172486e-09,0.005665790598609946
589720415,0.999445610271263,3.4787345566334944e-05,6.194138791647075e-05,6.668357735140902e-05,9.008676662453378e-05,0.00011823759890471293,2.615807879818773e-05,2.366912337594748e-11,0.0001564949499061955
589720507,0.9994965963269324,3.377115277584868e-05,1.089046855647001e-05,2.7213253913440477e-05,2.687215632892916e-05,0.00018933243551475697,4.938349292557705e-05,9.313897546073691e-12,0.0001659407037385502
589720532,0.9995421754771239,4.324594107022884e-05,1.641374150544278e-05,2.7331476102078348e-05,3.615374032781361e-05,0.00014996748264741884,0.00012352352791915707,6.515316270242924e-12,6.118860678874932e-05
589720592,0.20161174681132304,0.0023586255214899416,0.002726918248289071,0.04365142524728064,0.0005403280269648924,0.279762938588361,0.005020336542233253,9.593716416141563e-09,0.4643276714203419
589720619,0.9993418633481657,5.7223525832715956e-05,3.0316764412127606e-05,4.067041984434021e-05,0.00010822383004944774,0.00020125354941148701,9.94847675378924e-05,1.111077144181913e-11,0.00012096378363564932
589721255,0.0005613759402862665,0.00536034244029622,9.977943835205437e-05,0.0012046514119423873,0.0006096759530769203,0.9687740624270433,0.01260011258495444,8.720698127229135e-10,0.010789998931978503
589722187,0.001173253228002225,0.0021402883917288795,0.0002692477177077062,0.001053943447881169,0.0011126528254161978,0.9799842240333834,0.008730790728049456,1.9699192125808934e-09,0.005535597657911839
589722624,0.0020463033458396496,0.004949938107297834,0.23509861163351872,0.5369735697611215,0.0004182529512137328,0.0026156620736748266,0.0007289885506846109,2.489520650122633e-09,0.2171686710871285
589722707,0.0016862811275730118,0.007123731942063354,0.17365269344679896,0.375465189748111,0.0004192093708086955,0.012155373550888799,0.005982242924069253,1.8639897679009733e-09,0.42351527602569705
589724520,0.0006587188853320963,0.009002948949852114,0.00013947593335377376,0.0042858554007277425,0.00032869908525428503,0.9655187876876639,0.009853645806166043,1.0399195803871001e-09,0.010211867211730553
589725904,0.002672666484053674,0.008020105998467204,0.0004345082459830542,0.00339043547336321,0.0008965583110974441,0.9695398664507587,0.006213463313328789,4.0817052649123485e-09,0.008832391641242606
589726148,0.0014961693337712976,0.07741840598852036,0.00023400381130620499,0.006610343378412201,0.0026411684215137433,0.9011751551466735,0.005271326008736973,6.092014224474476e-09,0.00515342181905165
589726215,0.005036271832131708,0.003949216840888731,0.006525129020855776,0.0065161652434306975,0.0003683334588616755,0.9303118916898505,0.013019368392043944,1.1493015717882953e-09,0.03427362237263546
589726486,0.9927032914235824,0.0009818586556502396,0.00021182804550960211,0.0001768489759062946,0.0006117963916798231,0.0026996198228801003,0.0018590785596198553,6.859718691571811e-11,0.000755678056574377
589726620,0.9954544555475976,0.0003511800166224428,0.00026586520741014565,0.00016594974565212057,0.0005556832560715733,0.0020942235884117318,0.0004715922362098563,5.025009971136287e-11,0.0006410503517744125
589726946,0.003687522466494942,0.016340694180600808,0.0005745483008143328,0.00790729428552924,0.002268214718844842,0.9542968298985733,0.0070837325822801145,2.8404872024045743e-09,0.007841160726375201
589728262,0.004976356192112388,0.0057327576749549,0.00036540961359473267,0.001988204580461341,0.0007067445023156549,0.9580333078327808,0.007079540252963855,9.967231441140248e-09,0.021117669383584906
589728314,0.003435939384087142,0.0644607129261961,0.0005731705546499625,0.016138396683956793,0.004296509119320904,0.8404893468507438,0.02718299517258848,4.724582908605843e-09,0.04342292458387384
589728978,0.0021966771690482318,0.004660901345179366,0.00016048170097376034,0.0033150750059862265,0.0017891389783704374,0.9685287328315582,0.012661258956079563,6.5290068737069565e-09,0.006687727483797486
589729079,0.002428340736382078,0.0018285378124254545,0.00013318937711048984,0.0006392326732302301,0.0003326053024203755,0.9803294255212601,0.009637053657563205,1.3192606512172857e-09,0.004671613600347319
589729207,0.0021315666411922704,0.004264402908736485,0.003138814107353514,0.005922422040724003,0.0008435247008717189,0.8849818347067112,0.014634922710012224,3.4322781577057303e-09,0.08408250875212048
589729216,0.0009775965903969996,0.025617561995381902,0.00017585770499194627,0.004301934916195619,0.0013081437826543516,0.9555311850848247,0.0065294443867888715,3.519623242975702e-09,0.005558272019142374
589729255,0.01482631517129143,0.10149800215480383,0.17457886027333946,0.06663145785527877,0.003777789395839459,0.1157296351360105,0.03216830313092615,3.313072736006497e-08,0.4907896037517831
589729267,0.00042401143128483024,0.01180126964761397,0.0001144308680030207,0.003005480972565121,0.0006258392335675878,0.9708355711327675,0.00800846110350718,1.2232966312670186e-09,0.005184934387394023
589729478,0.011486303211531013,0.0043556992613615645,0.0008103352514440122,0.0023119252439996146,0.0009206250838124866,0.7249111953619646,0.13231238988366026,1.1830326006308011e-09,0.12289152551919393
589729588,0.013853447254196046,0.06796547734432606,0.0013388101497760615,0.019753485956793375,0.44993301384460166,0.4334589149692364,0.0034348581976912135,2.6134306402482054e-08,0.010261966149072882
589729893,0.002592633956414514,0.004982108683239766,0.00017943683261406102,0.000655400309327224,0.00012435912760604584,0.3344990104946463,0.4617312625115911,1.2195458340442682e-09,0.19523578686501517
589730251,0.05035520888384115,0.0015355494357580618,0.00014128323331534471,0.00017129265658118585,8.504190800274632e-05,0.12941839249209436,0.5220371007077376,6.589313293555299e-10,0.2962561300237382
589730431,0.004194205210572115,0.000755545238181012,0.00010539516560136108,0.0001769534423406601,8.014512906668164e-05,0.2812559985457302,0.5494847469351701,8.073380277981933e-10,0.16394700952599994
589730593,0.003751008929880993,0.0023871912821589875,0.00035826069665161015,0.0009577553474455833,0.00029520054009104076,0.8933732012314983,0.08143154803416694,9.14786528224318e-10,0.01744583302331998
589731302,0.0013444227967028526,0.005679299531693569,0.0010914896870327592,0.003807369996840453,0.0003758755014468023,0.05378343243431682,0.015020939778201762,3.0233858584645266e-09,0.9188971672503792
589732668,0.03826094526510239,0.0005705330994750299,0.0002608730868199399,0.0011710321127350075,0.00012884915698483797,0.2003730588989644,0.720006528202988,1.4781837145359604e-09,0.03922817869874661
589733071,0.002381230395522803,0.001881637601228357,0.007937141093379793,0.0021211816141459097,0.00029514731055075796,0.7247864824210293,0.029652531007625722,1.134495355012412e-09,0.23094464742202192
589733106,0.000998910921302619,0.003822363476976447,0.0003314934406398517,0.0012509927160275153,0.0005485179681557885,0.980582922099445,0.006627325224470644,2.109650463166736e-09,0.0058374720433316965
589733262,0.0021062409912600516,0.0034479836307576006,0.0008714369538221705,0.0016603012154585686,0.0002067855184485711,0.03357013044317019,0.01447609182176937,9.251246758400576e-10,0.9436610285001887
589733357,0.018498398958339542,0.005482291488763357,0.012705830416964128,0.0020379098525999824,0.00026203542755757537,0.8780567539830986,0.011551627098161309,2.2812306029225037e-09,0.07140515049328498
589733365,0.009156379766405457,0.001783596157468926,0.00688999962359091,0.0009652925268524054,0.000165097997906227,0.915358678889836,0.012576257043824002,1.2886113147490679e-09,0.05310469670550481
589733384,0.024133932236807116,0.00467925810721664,0.003181925587323597,0.002513626813843296,0.0005144961653495034,0.9184163509570413,0.01614854523912666,3.1520919444385655e-09,0.030411861741199968
589733455,0.014116881612775672,0.02176421860555249,0.057126762587608106,0.7935537574892456,0.003998659723265358,0.016343734159482218,0.006572651367003929,1.867325125031135e-08,0.08652331578181548
589733506,0.026431838350421403,0.04469278598923827,0.03538443593946344,0.546539364785888,0.009123080496835523,0.23002044176082037,0.024221944024929415,8.977538063387565e-08,0.08358601887702281
589733753,0.0047364999114785766,0.011787881260749115,0.001379297286263699,0.007361476833803902,0.0009401414481675655,0.9516445114563836,0.009703178998784983,2.741279814596394e-09,0.012447010063088612
589733914,0.0015693360525163664,0.044894715358406785,0.0002838654758259826,0.007919074836390597,0.005299872761683427,0.926416310714816,0.008554204325326924,3.5581804224298294e-09,0.00506261691685357
589734589,0.003050306374693498,0.002355912929960267,0.002416691305862662,0.0018331846142170998,0.000277814770746523,0.9634449563296701,0.01070846625822258,6.65709365279737e-10,0.01591266675091799
589734601,0.013699000520407217,0.04983445327433658,0.003753479939758715,0.01088049122920178,0.014110394750984566,0.8902471513516459,0.006104568831232286,2.904847637092559e-09,0.011370457197585475
589735157,0.0037558177632509926,0.00922118709543774,0.032898296850618,0.007488681713852648,0.0009395632025979155,0.29966933108571325,0.026531367218323432,1.463065309663452e-08,0.6194957404395529
589735318,0.003657565432833096,0.00339233825304722,0.002774150121399845,0.003072065717171636,0.0007158119026527422,0.8769472722683322,0.022931130098919367,1.0223161492322269e-08,0.08650965598248231
589735967,0.006570013949426659,0.04007269691569885,0.0006084098301995319,0.0029945454471809432,0.015756186624985073,0.8981344225210818,0.018460465553814004,5.907156659023255e-09,0.01740325325045644
